"","x"
"LH11",0.499683556494944
"LH12",0.466495462050321
"LH13",0.498977856259264
"LH14",0.497062509930711
"LH15",0.49655674467729
"LH16",0.426331273721292
"LH17",0.534073839989249
"LH18",0.563522801562031
"LH19",0.547812751978242
"LH110",0.408146097168981
"LH111",0.520809265369937
"LH112",0.52591606545182
"LH113",0.472511392067056
"LH114",0.516246170541087
"LH115",0.438274137216496
"LH116",0.500261576926041
"LH117",0.489094376283489
"LH118",0.402704009768607
"LH119",0.460477782958096
"LH120",0.458162424461353
"LH121",0.513584254168528
"LH122",0.466704072129846
"LH123",0.512907115731268
"LH124",0.487628167163595
"LH125",0.408842780926787
"LH126",0.57194530841992
"LH127",0.526467983507903
"LH128",0.500000055172858
"LH129",0.499989024009393
"LH130",0.500678941718618
"LH131",0.503135438932047
"LH132",0.510535577570946
"LH133",-2.12098246303348e-05
"LH134",0.016564113137651
"LH135",-0.0130025760429095
"LH136",0.0273066078295503
"LH137",-0.0140095457079036
"LH138",0.0688496786213529
"LH139",-0.0440431361801191
"LH140",-0.0397433814230022
"LH141",-0.0177456233114907
"LH142",0.0120414299143484
"LH143",0.0183990550526858
"LH144",-0.0209189927982547
"LH145",-0.00947786622673299
"LH146",0.0256125695235808
"LH147",-0.00734356037886787
"LH148",-0.011797313669452
"LH149",0.0266501196426128
"LH150",-0.000898785972871085
"LH151",0.000657364316835972
"LH152",0.00376009632431351
"LH153",-0.00442956614993028
"LH154",-0.0119363653368976
"LH155",-0.0137178841355853
"LH156",0.00385070758685368
"LH157",-0.0177849689272488
"LH158",0.0530733202348645
"LH159",-0.00839562199141301
"LH160",1.79446435847569e-05
"LH161",-0.00386041146416347
"LH162",0.00213986234328693
"LH163",0.00228551530073553
"LH164",-0.0220865776629168
"LH165",9.05839504355966e-05
"LH166",0.0520718909495141
"LH167",-0.00798563564397005
"LH168",0.029249500827778
"LH169",-0.0151921658213539
"LH170",0.0986331357487204
"LH171",-0.0641001767968942
"LH172",-0.0556628550826025
"LH173",-0.0297605923397259
"LH174",0.0406524772703851
"LH175",0.0222293717770598
"LH176",-0.0627276372991927
"LH177",0.0135455686452404
"LH178",-0.00343773952090497
"LH179",0.0151546162372243
"LH180",-0.024969571844142
"LH181",0.0367189091804433
"LH182",-0.00297538519394817
"LH183",0.00986894289311753
"LH184",0.0147496644748406
"LH185",-0.00389417845954098
"LH186",0.0148550223970308
"LH187",-0.00148475879625836
"LH188",0.00482162027722824
"LH189",0.0368766953822467
"LH190",-0.000481336817162767
"LH191",-0.0208168548665503
"LH192",8.47777800006638e-07
"LH193",-0.000182516646534955
"LH194",0.0064142893815024
"LH195",0.00958839037694668
"LH196",0.00133976662394132
"LH197",0.00017027086569348
"LH198",0.0405574110212231
"LH199",-0.0159612105031604
"LH1100",0.0644716568077954
"LH1101",-0.00520341568006958
"LH1102",0.0844156729163121
"LH1103",-0.0362913341044012
"LH1104",-0.0394777333119532
"LH1105",-0.0176436078596142
"LH1106",0.0450591248708484
"LH1107",0.0323560441152059
"LH1108",-0.0204504637344889
"LH1109",-0.0316085301186834
"LH1110",0.000543720917243761
"LH1111",0.0223594951783043
"LH1112",-0.0686848886922269
"LH1113",0.0405994354035088
"LH1114",0.0946307396863839
"LH1115",-0.00654065515763501
"LH1116",0.0191934113579269
"LH1117",0.00146019759281346
"LH1118",0.0466767348095609
"LH1119",0.0223216964211582
"LH1120",0.0132675754445875
"LH1121",0.0912388293330973
"LH1122",-0.0429453347243971
"LH1123",-0.0596830289282531
"LH1124",1.8780162458596e-05
"LH1125",-0.00404250692502173
"LH1126",0.00247754868324344
"LH1127",0.00364239405435032
"LH1128",-0.0302780716627968
"LH1129",-4.84882392416228e-05
"LH1130",0.0337513370224237
"LH1131",-0.0115125489233037
"LH1132",0.0286336412032333
"LH1133",-0.00878221824241609
"LH1134",0.0228740183624177
"LH1135",-0.00826418955850261
"LH1136",-0.0195660420055913
"LH1137",0.00840975796600318
"LH1138",-0.00507380587644147
"LH1139",0.0282710250156962
"LH1140",0.0327858912913922
"LH1141",-0.0502684320248861
"LH1142",0.0209267182670995
"LH1143",-0.00468349307503787
"LH1144",-0.0277149575648997
"LH1145",0.0209870748495538
"LH1146",-0.00402523199409088
"LH1147",-0.00559983116747474
"LH1148",-0.000631811519640013
"LH1149",0.00841947069154793
"LH1150",-0.00129168845095447
"LH1151",0.000857711068192127
"LH1152",0.0133379149154822
"LH1153",-0.0161772321488708
"LH1154",0.186377176230471
"LH1155",0.08612999381318
"LH1156",6.98889537078801e-05
"LH1157",0.0447220919903931
"LH1158",-0.00104899252880649
"LH1159",-0.00993430396854037
"LH1160",0.015648454254807
"LH1161",0.00121515068445952
"LH1162",0.0694044248526471
"LH1163",-0.0337747317973265
"LH1164",0.0531283611993698
"LH1165",-0.0139807308410557
"LH1166",0.105331213787216
"LH1167",-0.0415309991683388
"LH1168",-0.095742169211439
"LH1169",-0.0622521246017633
"LH1170",0.0884348555487858
"LH1171",0.0508143658162811
"LH1172",-0.111031160121019
"LH1173",0.00579167813367829
"LH1174",0.0582325268879666
"LH1175",0.013023195851576
"LH1176",-0.0521067260090466
"LH1177",0.0399515972956391
"LH1178",0.0374822696788355
"LH1179",0.0126904936175219
"LH1180",0.0154685579464278
"LH1181",-0.00288773996337088
"LH1182",0.0209169437151351
"LH1183",0.00427063816644417
"LH1184",-0.0231715811657717
"LH1185",0.0482232413248596
"LH1186",0.0538498132165015
"LH1187",-0.00587696766137984
"LH1188",0.0355065241997055
"LH1189",-0.0369713491828427
"LH1190",-0.0174720140907734
"LH1191",0.0206702591283221
"LH1192",0.0199635995529699
"LH1193",8.73131679890912e-05
"LH1194",0.0256020548559758
"LH1195",-0.00146025596761443
"LH1196",0.00695280844570275
"LH1197",0.00695218101772118
"LH1198",-0.0397970845913743
"LH1199",0.0301048833522743
"LH1200",0.0195020519406629
"LH1201",0.011012758276695
"LH1202",-0.0242015014609699
"LH1203",0.0301692237153293
"LH1204",0.015860945972851
"LH1205",-0.00285484127093348
"LH1206",0.00641359143507669
"LH1207",-0.0421984077342412
"LH1208",-0.017233377712809
"LH1209",-0.0209371474305555
"LH1210",-0.0344500447848152
"LH1211",-0.0333739190986295
"LH1212",-0.0514244630026175
"LH1213",0.0195388340510372
"LH1214",0.00568542665491478
"LH1215",0.0431115254246644
"LH1216",-0.0514604123190695
"LH1217",-0.0194436585745952
"LH1218",0.0905970819215223
"LH1219",0.0325526847988038
"LH1220",0.00800455684649357
"LH1221",-0.000276142545172334
"LH1222",0.0359636364581188
"LH1223",-0.00364557995048184
"LH1224",0.0418367486270924
"LH1225",0.000237121640223621
"LH1226",-0.00304249569134244
"LH1227",0.00525483825078791
"LH1228",-0.0230092034074694
"LH1229",0.0215949070555574
"LH1230",-0.0261164446509091
"LH1231",0.0241250003351032
"LH1232",0.00544854672985521
"LH1233",0.00398984182392337
"LH1234",0.0251229060849821
"LH1235",-0.0411082778528248
"LH1236",0.0231097696141613
"LH1237",0.0143578370080751
"LH1238",-0.0259687493443837
"LH1239",0.0419665831979263
"LH1240",0.0402942126119008
"LH1241",-0.043917285377086
"LH1242",0.0300781828361462
"LH1243",0.0140785556843948
"LH1244",0.0150802573367355
"LH1245",-0.00586082620930442
"LH1246",0.00827927476663653
"LH1247",-0.00810517078055963
"LH1248",0.00511509820237496
"LH1249",0.0267300406287719
"LH1250",-0.0558217453082417
"LH1251",-0.0253048805382216
"LH1252",-7.03711159905119e-07
"LH1253",-1.96261557335472e-17
"LH1254",0.00365881945615739
"LH1255",0.0116059236479327
"LH1256",0.0265808650034755
"LH1257",0.00114227176808097
"LH1258",0.00209425744767245
"LH1259",0.00467279848119772
"LH1260",-0.00494595909292445
"LH1261",0.00295096688039342
"LH1262",-0.0226530046053087
"LH1263",0.0202091967814579
"LH1264",0.00429108036763121
"LH1265",-0.0163512719213062
"LH1266",-0.0122143712216084
"LH1267",-0.00186925824613312
"LH1268",0.0193591604459742
"LH1269",-0.00134623391314677
"LH1270",-0.00661982361785727
"LH1271",0.00627650095250669
"LH1272",0.0286547937446007
"LH1273",-0.00526188250459137
"LH1274",-0.0163203425646841
"LH1275",-0.0125874825454916
"LH1276",0.00508101909954843
"LH1277",-0.00565199708218335
"LH1278",-0.0146564655775077
"LH1279",-0.0172641604218897
"LH1280",0.00491801164341275
"LH1281",0.00940701472105199
"LH1282",0.0308364732187203
"LH1283",0.0079111814808743
"LH1284",3.92523114670944e-17
"LH1285",-3.92523114670944e-17
"LH1286",0.0015689091075268
"LH1287",-0.01458213086495
"LH1288",0.000369379764136951
"LH1289",0.000143713419087694
"LH1290",0.0116678012050007
"LH1291",0.0306397183947386
"LH1292",-0.068829036557917
"LH1293",0.00592619755404533
"LH1294",-0.109370385116687
"LH1295",0.0528240824632175
"LH1296",0.0872516371342631
"LH1297",0.0375634997597515
"LH1298",-0.0621751970043797
"LH1299",0.00161989907963853
"LH1300",0.0498521581901851
"LH1301",0.0011586498384726
"LH1302",-0.0131629019672873
"LH1303",-0.0167076053487388
"LH1304",0.0442307057797062
"LH1305",-0.0338461445126329
"LH1306",-0.00961217324365942
"LH1307",-0.00256362001033921
"LH1308",-0.0154184130769194
"LH1309",0.00801248209352579
"LH1310",-0.0155440120939821
"LH1311",0.01558945074838
"LH1312",-0.00711853201659429
"LH1313",0.0355892226558437
"LH1314",-0.0368041071885207
"LH1315",-5.7927917580605e-05
"LH1316",0
"LH1317",1.96261557335472e-17
"LH1318",-1.96261557335472e-17
"LH1319",1.34753292908443e-05
"LH1320",-0.00828017358836711
"LH1321",0.00595547613810714
"LH1322",0.00558928532507777
"LH1323",0.0258614225031939
"LH1324",-0.0491552801862901
"LH1325",0.00359747553559789
"LH1326",-0.0913398729832811
"LH1327",0.0509529948928986
"LH1328",0.062249762887367
"LH1329",0.0304611167318121
"LH1330",-0.0223598737179208
"LH1331",-0.0335293536289124
"LH1332",0.0586184820138227
"LH1333",0.0187027071283209
"LH1334",-0.0363867338343217
"LH1335",-0.0110642774944392
"LH1336",0.047801826688436
"LH1337",-0.0591905629834922
"LH1338",-0.0118552108794212
"LH1339",-0.00876210366587138
"LH1340",-0.0164495922658438
"LH1341",0.0179198597948204
"LH1342",0.0363813152294335
"LH1343",0.0163427133289598
"LH1344",-0.036059528161294
"LH1345",0.0404871327639722
"LH1346",-0.045498184051223
"LH1347",-0.0566754405941453
"LH1348",3.43457725337076e-17
"LH1349",-2.94392336003208e-17
"LH1350",0
"LH1351",0.00550273352079618
"LH1352",-0.00293892913760611
"LH1353",0.0123571952079811
"LH1354",0.016098714806497
"LH1355",0.0306396062055406
"LH1356",-0.0553211921928067
"LH1357",0.00910395954121593
"LH1358",-0.112255973646836
"LH1359",0.0667916283151138
"LH1360",0.0700631959188959
"LH1361",0.0342845191772196
"LH1362",-0.0331288426026736
"LH1363",0.0105034018936472
"LH1364",0.044003052844328
"LH1365",-0.0020723810430448
"LH1366",-0.0354121070786872
"LH1367",0.00187535614787011
"LH1368",0.023779574570741
"LH1369",-0.0488839625013247
"LH1370",0.0283200441898763
"LH1371",0.00697368714962408
"LH1372",-0.00198474395551734
"LH1373",0.00638865384822095
"LH1374",0.0214333245860098
"LH1375",0.0211200108717231
"LH1376",-0.00537476707386234
"LH1377",0.0343686223708398
"LH1378",-0.0544897230562543
"LH1379",-0.0479572225854699
"LH1380",2.00325971612666e-06
"LH1381",-4.27977457414634e-06
"LH1382",0.0138404798289787
"LH1383",-0.00902994078124785
"LH1384",0.0203177311053808
"LH1385",-7.35980840008019e-18
"LH1386",0.0131547262249734
"LH1387",0.00842420886464735
"LH1388",-0.0480305878454958
"LH1389",0.00190022032645008
"LH1390",-0.0432575346947377
"LH1391",0.0246611532086038
"LH1392",0.0131963759811185
"LH1393",-0.00950278649660195
"LH1394",-0.00449279139713103
"LH1395",-0.00250183066206171
"LH1396",-0.00211720438081615
"LH1397",0.0260077899199368
"LH1398",-0.00643946354675156
"LH1399",-0.00186974457908806
"LH1400",0.0418397078182532
"LH1401",-0.034697437236002
"LH1402",0.0054760012588414
"LH1403",0.0181859830961379
"LH1404",0.0123374000424495
"LH1405",0.0201181160007641
"LH1406",0.0399709092509946
"LH1407",0.00600618696128369
"LH1408",0.00386759320194053
"LH1409",0.0400267401212689
"LH1410",-0.0122661474612337
"LH1411",0.0751848911355553
"LH1412",0.0190591003220802
"LH1413",-0.0407179619837599
"LH1414",-0.013158787015014
"LH1415",0.0133339281402177
"LH1416",-0.00404099893016009
"LH1417",-6.1331736667335e-19
"LH1418",0.0226022783479488
"LH1419",0.00591184559595905
"LH1420",-0.0481839914626679
"LH1421",0.0073611531178991
"LH1422",-0.0455856127390841
"LH1423",0.0453999245772214
"LH1424",-0.00353340694399743
"LH1425",-0.0350396878313106
"LH1426",0.0282520481168689
"LH1427",-0.0342165475826627
"LH1428",-0.0167116002357157
"LH1429",0.0622881518182533
"LH1430",-0.0165773812748873
"LH1431",0.0195209722536527
"LH1432",0.0730094287428375
"LH1433",-0.0460962491404586
"LH1434",0.0580404232296541
"LH1435",0.0366034054336798
"LH1436",0.0385008071283163
"LH1437",-0.0399474347814073
"LH1438",0.00658253043819566
"LH1439",0.00271511161954954
"LH1440",0.034712086021504
"LH1441",0.0634839960105219
"LH1442",-0.164113298347468
"LH1443",-0.0416624150033884
"LH1444",0.000559134028843026
"LH1445",-0.00119453687453869
"LH1446",-0.000537410671909319
"LH1447",0.000609879619083516
"LH1448",-0.00409190021346432
"LH1449",-9.61596708567953e-09
"LH1450",-0.00723281031029661
"LH1451",-0.0530505912073525
"LH1452",0.124353186479138
"LH1453",-0.0200189753328795
"LH1454",0.181182168384028
"LH1455",-0.0997193750379985
"LH1456",-0.124971044149347
"LH1457",-0.0629415920186617
"LH1458",0.0508533064518365
"LH1459",0.0332595894417182
"LH1460",-0.113513706043486
"LH1461",0.01957395056696
"LH1462",0.0682416605820518
"LH1463",-0.00831833098872074
"LH1464",-0.0894894604034108
"LH1465",0.0706429463598446
"LH1466",-0.00291407100476374
"LH1467",-0.00910932935405493
"LH1468",-0.000129083036011132
"LH1469",-0.0042327549415284
"LH1470",-0.0176087877206291
"LH1471",-0.0156604823167375
"LH1472",-0.00460266143159005
"LH1473",-0.0299229156117757
"LH1474",0.154330215284844
"LH1475",0.0641942371956267
"LH1476",-0.00429618537290733
"LH1477",0
"LH1478",0
"LH1479",1.96261557335472e-17
"LH1480",0
"LH1481",-3.78383983059567e-06
"LH1482",-0.0269403823852816
"LH1483",-0.0268119400350228
"LH1484",0.047176091402719
"LH1485",-0.00186708050176449
"LH1486",0.111518157932421
"LH1487",-0.0607057769331629
"LH1488",-0.0790949206074833
"LH1489",-0.0350224239830015
"LH1490",0.0270348025480248
"LH1491",0.0238124106446611
"LH1492",-0.0697702902817437
"LH1493",0.00707069742850442
"LH1494",0.0430820172436597
"LH1495",-0.00527194465245452
"LH1496",-0.0453213022718196
"LH1497",0.0525107535863676
"LH1498",-0.00876648999241875
"LH1499",0.00259793351747401
"LH1500",-0.000765350099515711
"LH1501",-0.00539364715188923
"LH1502",-0.0237216750439138
"LH1503",-0.0184243045820498
"LH1504",0.0164673240167106
"LH1505",-0.0408241724534795
"LH1506",0.0427458091029002
"LH1507",-0.00585146830324301
"LH1508",-0.003860280682575
"LH1509",-2.02394731002205e-17
"LH1510",-1.96261557335472e-17
"LH1511",1.79488385353149e-06
"LH1512",-9.39007469004997e-07
"LH1513",-4.04396423858198e-06
"LH1514",-0.040876432015779
"LH1515",-0.0352278335540489
"LH1516",0.0844146247049151
"LH1517",-0.00131099308516388
"LH1518",0.148304706415083
"LH1519",-0.092444178182489
"LH1520",-0.0892583522079287
"LH1521",-0.0145215291864409
"LH1522",0.0510179130784106
"LH1523",0.0318125510946819
"LH1524",-0.0424262109743915
"LH1525",-0.0446809671176353
"LH1526",0.0350134352714857
"LH1527",0.0144896695152485
"LH1528",-0.082137275972611
"LH1529",0.06337920005847
"LH1530",0.0069357321567163
"LH1531",0.0154887628882973
"LH1532",-0.000216392852567105
"LH1533",-0.000708259693374415
"LH1534",-0.00311498060955743
"LH1535",0.0171351622943733
"LH1536",-0.000451517123545077
"LH1537",0.00884601117635559
"LH1538",0.10931211598322
"LH1539",-0.0148222768778757
"LH1540",0.000546557783313699
"LH1541",-0.00208285845189752
"LH1542",0
"LH1543",0.014478667041261
"LH1544",-0.00479786337728084
"LH1545",-7.39247053970412e-06
"LH1546",-0.0630323365940844
"LH1547",0.00457565628389574
"LH1548",0.0263519076827174
"LH1549",-0.000284079813800224
"LH1550",0.0296821582322973
"LH1551",-0.040190865308193
"LH1552",0.0221129517979233
"LH1553",0.0486553354314531
"LH1554",-0.0169728527944448
"LH1555",-0.00726218101928509
"LH1556",0.0661213655864444
"LH1557",-0.0504401116013749
"LH1558",-0.0117081825703001
"LH1559",0.00202255659628501
"LH1560",-0.00421559351089645
"LH1561",0.0179511447236105
"LH1562",-0.00260052365641793
"LH1563",0.0197358030224042
"LH1564",-0.000971406179367224
"LH1565",0.000132921868877217
"LH1566",0.000434298582520233
"LH1567",0.0122211872543593
"LH1568",-0.000189164983861124
"LH1569",0.00359103272021965
"LH1570",0.0449224666270512
"LH1571",0.00626994545800225
"LH1572",0.00343507462025629
"LH1573",-0.013090608942244
"LH1574",0
"LH1575",0.016824352691157
"LH1576",0.00864996244682733
"LH1577",-5.86714277883711e-06
"LH1578",-0.0456137903110809
"LH1579",-0.0215749382078492
"LH1580",0.065424903650025
"LH1581",-0.00893260441156878
"LH1582",0.103858643201945
"LH1583",-0.0534973226815487
"LH1584",-0.0665672360644072
"LH1585",-0.0245086421893212
"LH1586",0.00526019721726886
"LH1587",0.07262443025341
"LH1588",-0.0562155542814195
"LH1589",-0.048120050029771
"LH1590",0.0542292976275479
"LH1591",-0.00624894009351617
"LH1592",-0.0841981641752612
"LH1593",0.0524601874119359
"LH1594",-0.00300523872224565
"LH1595",0.000602497506301462
"LH1596",0.012332493404478
"LH1597",0.0113047252588922
"LH1598",0.0369361806088697
"LH1599",0.00652745955842836
"LH1600",-0.00946214666472701
"LH1601",0.0378799712495842
"LH1602",0.0984756263873669
"LH1603",0.0255675638460779
"LH1604",0
"LH1605",7.70338829591199e-05
"LH1606",-3.21109776672835e-05
"LH1607",-5.66394879023063e-05
"LH1608",0.0105389321709361
"LH1609",1.84291492018862e-06
"LH1610",0.00832473661905212
"LH1611",0.0195671166924115
"LH1612",-0.0216629910186995
"LH1613",0.000857492549643724
"LH1614",-0.0578706937054286
"LH1615",0.0364813534286665
"LH1616",0.0362251321737943
"LH1617",0.00476702770392799
"LH1618",-0.0184203239320982
"LH1619",1.55963499834082e-05
"LH1620",0.0376371062491129
"LH1621",-0.00250436666313026
"LH1622",-0.01475279307362
"LH1623",-0.00200318597998938
"LH1624",0.0155513158409241
"LH1625",-0.0226033129747246
"LH1626",-1.04978900920235e-05
"LH1627",-0.00317670382697833
"LH1628",-0.00314166936951959
"LH1629",0.00163598134715106
"LH1630",1.48814256938624e-05
"LH1631",0.00321692431552929
"LH1632",-0.00145733844269139
"LH1633",-0.00264203200234411
"LH1634",0.00163185159891553
"LH1635",-0.0131564479634563
"LH1636",2.1790267716373e-06
"LH1637",0.0217582507253726
"LH1638",-0.00926690491764277
"LH1639",-0.0207021952470376
"LH1640",-0.0263505221187556
"LH1641",-3.4862709446459e-06
"LH1642",-0.0151631634813466
"LH1643",-0.00168591624320641
"LH1644",0.00106667777541151
"LH1645",-4.20965677067075e-05
"LH1646",0.0186662607789653
"LH1647",0.00426254635155131
"LH1648",-0.0364300325154695
"LH1649",-0.0386305570460374
"LH1650",0.00174965647647451
"LH1651",0.0456741151423509
"LH1652",-0.0498471369124671
"LH1653",-0.00267937150065775
"LH1654",0.0356722030515871
"LH1655",-0.0196045073440722
"LH1656",-0.034390275356152
"LH1657",0.00739610461292012
"LH1658",-0.0142183648719152
"LH1659",-0.0126873652388556
"LH1660",-0.0125693200822355
"LH1661",0.00651239990301677
"LH1662",-1.11235336771737e-05
"LH1663",0.0128405164703547
"LH1664",-0.00580017780007385
"LH1665",-0.00449932729049315
"LH1666",0.0315188711879204
"LH1667",0.0578133818752118
"LH1668",1.73983123898382e-05
"LH1669",-0.00369494528604496
"LH1670",-3.38959653622596e-05
"LH1671",0.000254071187702721
"LH1672",-0.0279358968281675
"LH1673",0
"LH1674",0.00614318161406738
"LH1675",0.0051498426463087
"LH1676",-0.0215979504290364
"LH1677",0.00104027747775184
"LH1678",-0.0222818927686249
"LH1679",-0.00117006223365021
"LH1680",0.0146228815364818
"LH1681",-0.000350420409385302
"LH1682",0.0134279859277146
"LH1683",-0.00811961199729472
"LH1684",0.0259041707243966
"LH1685",0.00768456522862285
"LH1686",-0.0220057532158782
"LH1687",0.0210432834517874
"LH1688",0.0109199834968459
"LH1689",-0.00368617862030419
"LH1690",0.0190028215641254
"LH1691",0.00859647165008249
"LH1692",0.00125255586276779
"LH1693",0.00812742588495978
"LH1694",0.000122422725339428
"LH1695",-0.0103094147312796
"LH1696",0.0146417439960717
"LH1697",-0.0125052378215187
"LH1698",-0.0281138274683875
"LH1699",0.0294410498076823
"LH1700",0
"LH1701",-3.92523114670944e-17
"LH1702",0
"LH1703",-1.96261557335472e-17
"LH1704",0
"LH1705",0
"LH1706",0.00448623000719195
"LH1707",0.0234742088404524
"LH1708",-0.0532863629207445
"LH1709",0.0309374360682053
"LH1710",-0.0791263494472811
"LH1711",0.0261674161589146
"LH1712",0.0570963640276847
"LH1713",0.0279394595753258
"LH1714",-0.0424009633411232
"LH1715",-0.0148027030385407
"LH1716",0.0603303673844302
"LH1717",0.00533425354612272
"LH1718",0.00172598402887135
"LH1719",-0.0181481099019521
"LH1720",0.0388164252311954
"LH1721",-0.0307670530490255
"LH1722",-0.0312127009269284
"LH1723",-0.0136704131743014
"LH1724",-0.00322196175846448
"LH1725",0.0153158864028974
"LH1726",0.0199507513061769
"LH1727",0.012551862705031
"LH1728",-0.0254478468095036
"LH1729",0.00807132260287867
"LH1730",-0.0822784138145977
"LH1731",-0.00475784663109579
"LH1732",3.92523114670944e-17
"LH1733",0
"LH1734",-1.96261557335472e-17
"LH1735",-1.96261557335472e-17
"LH1736",3.92523114670944e-17
"LH1737",0.000367051573716258
"LH1738",0.00578906317722383
"LH1739",0.0358120601878293
"LH1740",-0.0584048448771312
"LH1741",0.00234487503412551
"LH1742",-0.104555810038216
"LH1743",0.0721045170899494
"LH1744",0.0739552527138425
"LH1745",0.0361908787515307
"LH1746",-0.0304629049974935
"LH1747",-0.0408936904132093
"LH1748",0.0789340844343199
"LH1749",0.0124561489263553
"LH1750",-0.0427613145929673
"LH1751",0.0049190731307247
"LH1752",0.0629163376281378
"LH1753",-0.0557326067720511
"LH1754",0.00759560035556947
"LH1755",0.000620092697369385
"LH1756",0.00246123187266885
"LH1757",-0.00557046243190056
"LH1758",-0.0270492469078225
"LH1759",-0.0221456470759327
"LH1760",0.00149157428391947
"LH1761",-0.0407866863011681
"LH1762",-0.0807075043252561
"LH1763",0.0321232182520856
"LH1764",-3.92523114670944e-17
"LH1765",-3.92523114670944e-17
"LH1766",0.00262596312089417
"LH1767",-0.00120725854120614
"LH1768",0.00293042111116657
"LH1769",0.0215094147881666
"LH1770",0.00047338458915487
"LH1771",0.00202540837560746
"LH1772",-0.00780936454677558
"LH1773",0.000308922753887537
"LH1774",-0.00765308379784177
"LH1775",0.00123953888713924
"LH1776",0.0201592809302132
"LH1777",0.00465122230532499
"LH1778",-0.00199913126265213
"LH1779",-0.040159133335019
"LH1780",0.00895794230737653
"LH1781",0.0223955903945667
"LH1782",-0.00669579714599289
"LH1783",-0.0140703980977748
"LH1784",0.0442524598935792
"LH1785",-0.00670919438640841
"LH1786",-0.0199379948578085
"LH1787",-0.0130984132096788
"LH1788",-0.00656785779347378
"LH1789",-0.0215972840134245
"LH1790",-0.0477195228192461
"LH1791",-0.00782888605873098
"LH1792",0.0189083847120591
"LH1793",-0.0499672121969879
"LH1794",-0.0116805609459808
"LH1795",-0.00951648778794187
"LH1796",1.96261557335472e-17
"LH1797",-3.92523114670944e-17
"LH1798",0.0172976952348922
"LH1799",-0.00764638105425262
"LH1800",0.000744305073354889
"LH1801",6.88039431856189e-06
"LH1802",0.0164091919843925
"LH1803",0.0226467046111906
"LH1804",-0.0540208931939254
"LH1805",0.00213799217518786
"LH1806",-0.0996588784563086
"LH1807",0.0723733332993175
"LH1808",0.0561603259004053
"LH1809",0.00709716215823247
"LH1810",-0.0160229108273361
"LH1811",-0.0179145338401364
"LH1812",0.0416833488830847
"LH1813",-0.00476604860568734
"LH1814",-0.0246076871107792
"LH1815",-0.00144541805832234
"LH1816",0.0326604242014006
"LH1817",-0.0669005028921568
"LH1818",0.00437332806264352
"LH1819",-0.00364219037077876
"LH1820",-0.00361115775222748
"LH1821",0.00185557928782757
"LH1822",-5.91274573032562e-05
"LH1823",0.00995531557962891
"LH1824",-0.00600177823480393
"LH1825",-0.00310801850754649
"LH1826",-0.089277779109623
"LH1827",0.117196368621182
"LH1828",-0.0370043726384506
"LH1829",0.00083821335663479
"LH1830",0.000343079123971404
"LH1831",-0.000331766155760247
"LH1832",0.0238854575424159
"LH1833",0
"LH1834",0.0156885583885891
"LH1835",0.048510387940972
"LH1836",-0.0887973728218349
"LH1837",0.00351434561362996
"LH1838",-0.186921489742664
"LH1839",0.117464179930806
"LH1840",0.107511739429238
"LH1841",0.0497779702417843
"LH1842",-0.041980606922791
"LH1843",-0.0864098265787447
"LH1844",0.0945153489983696
"LH1845",0.0223032137272469
"LH1846",-0.0478974123390263
"LH1847",0.00704939984771827
"LH1848",0.111948764820554
"LH1849",-0.0686796873690328
"LH1850",-0.0219968147453849
"LH1851",0.00268066488222512
"LH1852",-0.000792485176046387
"LH1853",-0.00558810346310026
"LH1854",-0.0245744217595912
"LH1855",-0.0187200293313329
"LH1856",0.00302284111921936
"LH1857",-0.0422766781937302
"LH1858",-0.136167145387293
"LH1859",0.0616916480787547
"LH1860",0.025751972462433
"LH1861",0.0403902140641601
"LH1862",0.0180433456574017
"LH1863",-0.0201585957159106
"LH1864",-0.00724477343624359
"LH1865",4.7553378520462e-09
"LH1866",-0.00458464450960252
"LH1867",-0.0281908722754587
"LH1868",0.0464728694620288
"LH1869",-0.00183922095165579
"LH1870",0.0969950233202884
"LH1871",-0.0588109594217727
"LH1872",-0.0588583954327235
"LH1873",-0.00790749035240606
"LH1874",0.0264992971850492
"LH1875",-0.00834002051760223
"LH1876",-0.0793161509322124
"LH1877",0.0191757844968296
"LH1878",0.00980318804473035
"LH1879",-0.00396750039428026
"LH1880",-0.0186965041191068
"LH1881",0.0670798551465361
"LH1882",-0.024942190640561
"LH1883",0.00231346283439511
"LH1884",-0.000450266273913327
"LH1885",-0.00823573685112338
"LH1886",-0.0228523798616039
"LH1887",-0.0142889090277113
"LH1888",0.00410020257826375
"LH1889",-0.0364855467057463
"LH1890",0.10233611573383
"LH1891",-0.0441285705519696
"LH1892",-0.000764872230190587
"LH1893",-0.000510716907537525
"LH1894",7.29142703194948e-06
"LH1895",0.0200066560675518
"LH1896",-0.00492779334596691
"LH1897",3.62429501089616e-06
"LH1898",0.0216087813919083
"LH1899",-0.0560246801517339
"LH1900",0.0854337023621098
"LH1901",-0.00495855331684771
"LH1902",0.173840603176151
"LH1903",-0.0869255387249025
"LH1904",-0.135070916379886
"LH1905",-0.0828844040628443
"LH1906",0.066042731244799
"LH1907",0.0134904848378123
"LH1908",-0.137293369050822
"LH1909",0.0207651225856568
"LH1910",0.0701672840472749
"LH1911",-0.00466249329326167
"LH1912",-0.0733684600887762
"LH1913",0.0633955745128816
"LH1914",-0.0416837600649283
"LH1915",0.00558866546241437
"LH1916",0.00275668263131499
"LH1917",-0.00895576980390082
"LH1918",-0.0221887271999646
"LH1919",-0.0101152973686176
"LH1920",0.00551715241198394
"LH1921",-0.0333976135790178
"LH1922",0.132526812899901
"LH1923",-0.0165975267514597
"LH1924",0.0149087124441498
"LH1925",-0.0211499069620182
"LH1926",0.00267641811303972
"LH1927",-0.000765974100072423
"LH1928",-0.000161308886267916
"LH1929",2.0096597284002e-07
"LH1930",0.00790889393371679
"LH1931",0.0281294750163631
"LH1932",-0.0615334578664492
"LH1933",-0.0017081720037087
"LH1934",-0.100417505272322
"LH1935",0.0503006041491609
"LH1936",0.0770509075319614
"LH1937",0.0367900052328056
"LH1938",-0.0150243595357409
"LH1939",-0.0642736912657031
"LH1940",0.0857565914797517
"LH1941",0.0249616878523236
"LH1942",-0.0585865729375552
"LH1943",0.0230833390720542
"LH1944",0.00489972495482752
"LH1945",-0.0910058669668052
"LH1946",-0.00655309197347544
"LH1947",0.012603025215101
"LH1948",0.0124313944399932
"LH1949",-0.00646304561322087
"LH1950",-3.26827773918736e-05
"LH1951",-0.0127632940908305
"LH1952",0.00575840391653308
"LH1953",0.010283308677334
"LH1954",-0.133590300374857
"LH1955",0.00462919212969016
"LH1956",0.000197632428354805
"LH1957",0.0536173118141788
"LH1958",0.0041737328674745
"LH1959",-0.00227710643290633
"LH1960",-0.001692989645812
"LH1961",3.74672990371369e-06
"LH1962",0.0177160034522374
"LH1963",-0.0250660834077704
"LH1964",0.0406181195430886
"LH1965",-0.00160742759671058
"LH1966",0.0796509926439739
"LH1967",-0.034467835163384
"LH1968",-0.0451220498954537
"LH1969",-0.0167273062184903
"LH1970",0.0424083391445821
"LH1971",0.0114828270085898
"LH1972",-0.0523207903934956
"LH1973",0.00761484061821746
"LH1974",0.0107858939570299
"LH1975",0.0165524257342925
"LH1976",0.0333021212334239
"LH1977",0.0645047655681486
"LH1978",0.0251524581148643
"LH1979",0.00499299826137771
"LH1980",-0.00099597353496613
"LH1981",-0.00793954376975126
"LH1982",1.35611731189052e-05
"LH1983",-0.0156566918334283
"LH1984",0.0122532796325067
"LH1985",0.00983740742218175
"LH1986",0.0306616859360301
"LH1987",-0.0676540781924428
"LH1988",0
"LH1989",0.00919072272099768
"LH1990",-0.0107351822656346
"LH1991",0.00467022757660045
"LH1992",-0.000437867422059866
"LH1993",0
"LH1994",-0.0103746396533554
"LH1995",0.0104852009580698
"LH1996",-0.000239504833938596
"LH1997",0.000222446440545936
"LH1998",-0.0222060099031661
"LH1999",-0.0013041062866096
"LH11000",0.0332652320682152
"LH11001",0.0358245161261503
"LH11002",-0.0170693239196976
"LH11003",-0.0105287153297489
"LH11004",0.0283579892623191
"LH11005",-0.0288854463710523
"LH11006",-0.0346300444411091
"LH11007",0.00302289195280739
"LH11008",-0.0115391131114626
"LH11009",-0.0158219576837999
"LH11010",0.0132953458620162
"LH11011",-0.00308748396862148
"LH11012",2.24755562187929e-06
"LH11013",-9.33537942532243e-05
"LH11014",1.59453364306315e-07
"LH11015",-0.000184092641906259
"LH11016",0.0224120238910163
"LH11017",-0.0471819360807676
"LH11018",-5.32943792512664e-05
"LH11019",0.00837380671287782
"LH11020",0
"LH11021",0.00120136882807845
"LH11022",-0.0224385894595401
"LH11023",-1.96261557335472e-17
"LH11024",0
"HL11",-0.0967462188396774
"HL12",-2.26210389789518
"HL13",-4.23586689571631
"HL14",-6.24475379001163
"HL15",-8.26456653943356
"HL16",-10.1820353195937
"HL17",-12.1642117030076
"HL18",-14.2668261984148
"HL19",-16.2018449057352
"HL110",-18.3176742491839
"HL111",-20.264017641586
"HL112",-22.3316122248075
"HL113",-24.2864294254629
"HL114",-26.3043943845768
"HL115",-28.1697408435897
"HL116",-30.1660308375672
"HL117",-32.1511934126791
"HL118",-34.2850286103112
"HL119",-36.3316847314391
"HL120",-38.2613388181693
"HL121",-40.3189957576604
"HL122",-42.3907950004049
"HL123",-44.3470459955765
"HL124",-46.2542055668212
"HL125",-48.3209313689847
"HL126",-50.3537628919767
"HL127",-52.2616814975372
"HL128",-54.2351941063055
"HL129",-56.2350835256609
"HL130",-58.2308611073997
"HL131",-60.232054512836
"HL132",-62.1874133176273
"HL133",-0.0276941398905468
"HL134",-0.0517111403270237
"HL135",-0.120375897647021
"HL136",-0.0779578469494825
"HL137",-0.0793147094758841
"HL138",-0.109219832805684
"HL139",-0.111968735105993
"HL140",-0.0808494887162882
"HL141",-0.0983511455032089
"HL142",-0.0699609341999164
"HL143",-0.0962223743134995
"HL144",-0.0881829160511773
"HL145",-0.0764674934402455
"HL146",-0.0750082158797065
"HL147",-0.118953791543049
"HL148",-0.0955121520948431
"HL149",-0.121702307851554
"HL150",-0.0742433628139598
"HL151",-0.0620114240427757
"HL152",-0.117099738547718
"HL153",-0.0834025218250759
"HL154",-0.0849994155942836
"HL155",-0.0948142476385852
"HL156",-0.115445476115724
"HL157",-0.0854264649195413
"HL158",-0.132391826249539
"HL159",-0.189427736526807
"HL160",-0.185407610558136
"HL161",-0.186174073595962
"HL162",-0.198691573129106
"HL163",-0.183780774374456
"HL164",-0.161334385451827
"HL165",0.0939404769931557
"HL166",0.101479688175372
"HL167",0.051144225249694
"HL168",0.00866602715623613
"HL169",0.0421204003811288
"HL170",0.0704173301930463
"HL171",0.0728311597370457
"HL172",0.0386971897991811
"HL173",0.0586590751738912
"HL174",0.0606861728327278
"HL175",0.0608727508679989
"HL176",0.0537510319973643
"HL177",0.039444335389037
"HL178",0.0548447339950759
"HL179",0.121876130688815
"HL180",0.0615773989864952
"HL181",0.0802036154959397
"HL182",0.106457711814998
"HL183",0.155899146422132
"HL184",0.163855563252087
"HL185",0.159464289801965
"HL186",0.19618310444001
"HL187",0.184409956240077
"HL188",0.160467413619605
"HL189",0.162724023711805
"HL190",0.138785132899925
"HL191",0.0212858590679631
"HL192",0.00278548539790027
"HL193",0.00427963303314771
"HL194",0.00902824760255871
"HL195",0.0229061335686464
"HL196",-0.0103949364179473
"HL197",0.0536725743615197
"HL198",0.000392706106903798
"HL199",-0.0117813601769591
"HL1100",0.093491811344838
"HL1101",0.0827352827512849
"HL1102",0.0836243870797433
"HL1103",0.112087115436633
"HL1104",0.0869043600129898
"HL1105",0.0815970714631715
"HL1106",0.0549272408830553
"HL1107",0.0550350164880014
"HL1108",0.0180069434234597
"HL1109",0.106299092999495
"HL1110",0.0610402674371665
"HL1111",0.056556812667644
"HL1112",0.0922218447115545
"HL1113",0.0920057205876296
"HL1114",-0.0198911876327657
"HL1115",-0.0346113880119957
"HL1116",-0.0316776799939479
"HL1117",-0.0765269602456173
"HL1118",-0.135590909133548
"HL1119",-0.100460975999771
"HL1120",-0.0383865770879171
"HL1121",-0.0815615798220545
"HL1122",-0.133648446591098
"HL1123",-0.0331914151148429
"HL1124",-0.00159516906614995
"HL1125",-0.0310598195959064
"HL1126",-0.00407491161729712
"HL1127",-0.0102482550233079
"HL1128",-0.0340521111924112
"HL1129",0.0193949636768398
"HL1130",0.00218941188642387
"HL1131",0.0646452964608663
"HL1132",0.0435275798306781
"HL1133",0.0100480303507738
"HL1134",0.00845740058109926
"HL1135",0.00449544465367205
"HL1136",0.0161883108782058
"HL1137",0.0292848398230298
"HL1138",0.00182010938809361
"HL1139",0.0363880098337864
"HL1140",0.0264100727448717
"HL1141",0.0294060029601426
"HL1142",0.0159045061088141
"HL1143",0.0409463342931824
"HL1144",0.0592886143726885
"HL1145",0.064244247431661
"HL1146",-0.000862376322292358
"HL1147",-0.0210585512924013
"HL1148",-0.0113843444820126
"HL1149",-0.0180598927627001
"HL1150",-0.0683143281515151
"HL1151",-0.0495452674944634
"HL1152",-0.00617892194933882
"HL1153",-0.0212855345644028
"HL1154",-0.014009886092057
"HL1155",0.081784616038465
"HL1156",0.130003030813256
"HL1157",0.166937992438367
"HL1158",0.184540825866455
"HL1159",0.184152026705402
"HL1160",0.124701090661906
"HL1161",0.0803528415380269
"HL1162",-0.0127609937828351
"HL1163",0.0449550185405453
"HL1164",-0.0067371959367095
"HL1165",-0.0212903970334045
"HL1166",-0.00548118341755321
"HL1167",0.00445553427888253
"HL1168",-0.0882764407882651
"HL1169",-0.031262527599253
"HL1170",-0.109180756738956
"HL1171",-0.059801266632492
"HL1172",-0.0876954486792288
"HL1173",-0.0942199795928545
"HL1174",-0.0833147626419342
"HL1175",0.0663483436816674
"HL1176",0.043933556000357
"HL1177",0.0537743994426221
"HL1178",0.0563894283772796
"HL1179",0.0564483245426191
"HL1180",0.0562138278703255
"HL1181",0.0543001434662686
"HL1182",0.0414529390757957
"HL1183",0.0479475243210866
"HL1184",0.0830841646049159
"HL1185",0.0534631358761565
"HL1186",0.0213331693941739
"HL1187",0.0454852340017428
"HL1188",0.0214271870562384
"HL1189",-0.00456912509440929
"HL1190",-0.00537827987545494
"HL1191",0.000686225942464702
"HL1192",-0.0131728577846545
"HL1193",-0.0397990404801578
"HL1194",-0.036932881422415
"HL1195",0.000985323534894715
"HL1196",-0.0429400857128962
"HL1197",-0.0371156994336618
"HL1198",0.0255724518886482
"HL1199",0.0288063442369522
"HL1200",-0.0234451936807199
"HL1201",0.0169204060908654
"HL1202",-0.026827170255519
"HL1203",-0.0117479092081289
"HL1204",-0.0378127659588862
"HL1205",-0.0491220015671277
"HL1206",0.014227050888393
"HL1207",0.164091314604719
"HL1208",0.0895668713796377
"HL1209",0.113645822852352
"HL1210",0.0899579991874044
"HL1211",0.0652673356849295
"HL1212",0.127346342083748
"HL1213",0.0600074667463681
"HL1214",0.0432881917326985
"HL1215",0.0668235501935874
"HL1216",0.116898241488671
"HL1217",0.0623283337561613
"HL1218",0.0512652107797128
"HL1219",0.0480159434319782
"HL1220",0.019839725854059
"HL1221",0.0529877776752281
"HL1222",0.0812534771290264
"HL1223",0.0894792627614754
"HL1224",0.119307974798965
"HL1225",0.120359389421158
"HL1226",0.0771218036385176
"HL1227",0.106685058338682
"HL1228",0.110371506886558
"HL1229",0.110436634984668
"HL1230",0.100515158973872
"HL1231",0.107232368435911
"HL1232",0.073139875009435
"HL1233",0.0739040369549038
"HL1234",0.0724827400702179
"HL1235",0.0551647382001469
"HL1236",0.0660869591527705
"HL1237",0.0463929175737371
"HL1238",0.0604455079073195
"HL1239",0.0403684990457782
"HL1240",0.0498456136871432
"HL1241",0.048615467226419
"HL1242",0.0622053958766063
"HL1243",0.063130626003178
"HL1244",0.0734096404299297
"HL1245",0.0658359636101775
"HL1246",0.0832006604950236
"HL1247",0.0794423379738771
"HL1248",0.0711655339712369
"HL1249",0.0676735462546996
"HL1250",0.131757317399572
"HL1251",0.169738852793029
"HL1252",0.179009872657075
"HL1253",0.179011369598691
"HL1254",0.176247440845731
"HL1255",0.178838331415018
"HL1256",0.146657438118013
"HL1257",-0.195715307976633
"HL1258",-0.0629396100735852
"HL1259",0.0785986860698299
"HL1260",-0.0229035173613013
"HL1261",-0.0437803929693475
"HL1262",0.0017905352441894
"HL1263",0.00434580302364918
"HL1264",-0.0789198057185117
"HL1265",-0.0051648663168363
"HL1266",-0.0581585680940871
"HL1267",-0.0189125867738979
"HL1268",-0.0878121371527996
"HL1269",-0.0968668255777098
"HL1270",-0.0512044350700316
"HL1271",0.0993552205032545
"HL1272",0.0844921783359597
"HL1273",0.104197825296893
"HL1274",0.118700456706394
"HL1275",0.0881263829385712
"HL1276",0.0930133476414192
"HL1277",0.0780201017233886
"HL1278",0.0725752731887876
"HL1279",0.07912163528581
"HL1280",0.0929548169786334
"HL1281",0.079388813643826
"HL1282",0.017544601487622
"HL1283",-0.0592564929269557
"HL1284",-0.0637167941170033
"HL1285",-0.0637167941170033
"HL1286",-0.0652304792782279
"HL1287",-0.0781714811281721
"HL1288",-0.0640826352521508
"HL1289",0.0852245907644528
"HL1290",0.0709895412282057
"HL1291",0.083097524115273
"HL1292",0.0808106052725753
"HL1293",0.0754708736991767
"HL1294",0.0826295503568535
"HL1295",0.0825972146359119
"HL1296",0.0820017143990349
"HL1297",0.0749968752036278
"HL1298",0.0869500682777864
"HL1299",0.100787187224299
"HL1300",0.0973781289100635
"HL1301",0.092224771460403
"HL1302",0.0888394136990946
"HL1303",0.0872343103158764
"HL1304",0.0906039433374737
"HL1305",0.0818143629444606
"HL1306",0.11222758914919
"HL1307",0.113066511866498
"HL1308",0.107228365450257
"HL1309",0.128581219415555
"HL1310",0.153864939595267
"HL1311",0.127404825882118
"HL1312",0.106793164976515
"HL1313",0.142042948281873
"HL1314",0.175357938953824
"HL1315",0.138092320594828
"HL1316",0.138051953555348
"HL1317",0.138051953555348
"HL1318",0.138051953555348
"HL1319",0.13805793370094
"HL1320",0.145894133408777
"HL1321",0.0765275852491012
"HL1322",0.0951316626490223
"HL1323",-0.210877262470094
"HL1324",-0.0976762398091756
"HL1325",-0.0443741699284888
"HL1326",-0.133197571126742
"HL1327",-0.13450616975322
"HL1328",-0.0527922974626833
"HL1329",-0.0996660897977604
"HL1330",-0.0725660634947764
"HL1331",-0.126876317605266
"HL1332",-0.0546162790320255
"HL1333",-0.0381479592911563
"HL1334",-0.0588312111747378
"HL1335",-0.135346409831405
"HL1336",-0.12672700866076
"HL1337",-0.130689566185603
"HL1338",-0.228552237060309
"HL1339",-0.266443929392173
"HL1340",-0.163673408463938
"HL1341",-0.226871746822258
"HL1342",-0.237011304313296
"HL1343",-0.20437697737962
"HL1344",-0.17293941346866
"HL1345",-0.216868412147067
"HL1346",-0.266619517584756
"HL1347",-0.319001860531743
"HL1348",-0.361867961202
"HL1349",-0.361867961202
"HL1350",-0.361867961202
"HL1351",-0.35641351579572
"HL1352",-0.359177055233439
"HL1353",-0.0767673448840721
"HL1354",-0.0794256673228845
"HL1355",-0.00213597689820985
"HL1356",-0.0169021023891725
"HL1357",-0.0375030476262649
"HL1358",-0.011457255225635
"HL1359",-0.0112746394517441
"HL1360",-0.022810328876228
"HL1361",-0.0166405105832739
"HL1362",-0.0191237292306703
"HL1363",-0.0401821460213105
"HL1364",-0.0297902228169068
"HL1365",-0.0383762789477917
"HL1366",-0.0194016410159455
"HL1367",-0.00445953275844574
"HL1368",-0.0325330896429532
"HL1369",-0.0285358220744842
"HL1370",-0.0418606238107373
"HL1371",-0.0397206583737303
"HL1372",0.0048092280861779
"HL1373",-0.0270785234219731
"HL1374",-0.0147359378606968
"HL1375",0.00668575101656421
"HL1376",-0.0142102890135843
"HL1377",-0.00893051330089051
"HL1378",0.0363679285960923
"HL1379",0.0301015889185112
"HL1380",0.057745907866918
"HL1381",0.0577485007161632
"HL1382",0.071403098249482
"HL1383",0.068618893696619
"HL1384",0.0699935597894381
"HL1385",-0.0249899910223615
"HL1386",-0.015978397512313
"HL1387",0.0322645466751454
"HL1388",0.0178532426316719
"HL1389",0.0040979507916227
"HL1390",0.0317385271758815
"HL1391",0.022284149543947
"HL1392",0.117062569968208
"HL1393",0.0655163509611774
"HL1394",0.113932584550742
"HL1395",0.102518995705811
"HL1396",0.0686687868518068
"HL1397",0.0564995146397725
"HL1398",0.109975688315398
"HL1399",0.0556056592402885
"HL1400",0.043209088225179
"HL1401",0.0458970824586136
"HL1402",0.0627725008148838
"HL1403",0.0796283971907312
"HL1404",0.0694118499591077
"HL1405",0.0858496384661695
"HL1406",0.107211157951405
"HL1407",0.106257040970975
"HL1408",0.0640047671749585
"HL1409",0.0910292051727168
"HL1410",-0.00783347452720398
"HL1411",-0.0465755687353393
"HL1412",-0.100001394245406
"HL1413",-0.082160496660744
"HL1414",-0.090203641002879
"HL1415",-0.102834015948504
"HL1416",-0.0687554821843006
"HL1417",-0.0931534387712774
"HL1418",-0.0774315205620107
"HL1419",0.0107651478071424
"HL1420",-0.0405326076277375
"HL1421",-0.0448099227023061
"HL1422",0.000360844862844129
"HL1423",-0.0221586832105483
"HL1424",0.0394736572224287
"HL1425",0.010203944158159
"HL1426",0.0401773174015123
"HL1427",0.047615019766107
"HL1428",0.0371689652688187
"HL1429",0.0422658714194868
"HL1430",0.0396506620631956
"HL1431",0.00613795299855946
"HL1432",-0.00615634929232825
"HL1433",-0.00362257894259349
"HL1434",0.0235905284351775
"HL1435",0.0292716348302525
"HL1436",0.0515976206300741
"HL1437",0.0549146583642292
"HL1438",0.0905375274513787
"HL1439",0.0842893614020303
"HL1440",0.0252582782837927
"HL1441",0.0789499824561743
"HL1442",0.0458415628709404
"HL1443",0.0459470976359888
"HL1444",0.0255436994305933
"HL1445",0.0248200038293646
"HL1446",0.0249344742730046
"HL1447",0.0253466882100677
"HL1448",0.020140405924065
"HL1449",0.0277044528549309
"HL1450",0.0248006849785904
"HL1451",-0.00529057534881512
"HL1452",-0.0236605139268879
"HL1453",-0.00597757384046149
"HL1454",0.000118146776490941
"HL1455",0.00328643324068625
"HL1456",-0.00541154693460241
"HL1457",-0.000306129243058423
"HL1458",0.000781558473603838
"HL1459",0.0109458896317545
"HL1460",0.000362609734196051
"HL1461",-0.00564050237130809
"HL1462",-0.00428564534350034
"HL1463",-0.00937120887729546
"HL1464",-0.00300016222921697
"HL1465",-0.00410182571025723
"HL1466",-0.00758836865794832
"HL1467",0.0287453078245584
"HL1468",-0.00995432325621712
"HL1469",0.0212460843253853
"HL1470",0.0083101094625596
"HL1471",0.00308203391648754
"HL1472",0.00753319488053986
"HL1473",0.0184938250908213
"HL1474",0.000185535175866003
"HL1475",-0.0215471206711338
"HL1476",-0.0201896196528775
"HL1477",-0.0292122823472362
"HL1478",-0.0292122823472362
"HL1479",-0.0292122823472361
"HL1480",-0.0292122823472362
"HL1481",0.093816436435533
"HL1482",0.0929545972866095
"HL1483",-0.154222358712714
"HL1484",-0.0734522190301889
"HL1485",-0.0197400064120077
"HL1486",-0.069385707397911
"HL1487",-0.0888971270752789
"HL1488",0.0718956130819381
"HL1489",-0.0389361497363643
"HL1490",0.0471579983726002
"HL1491",-0.0237692940704295
"HL1492",0.058849907136551
"HL1493",0.053364025601233
"HL1494",0.0238878314513317
"HL1495",-0.194989224321874
"HL1496",-0.150208844622512
"HL1497",-0.177138384661349
"HL1498",-0.199122420754207
"HL1499",-0.175930217202539
"HL1500",-0.202929851128242
"HL1501",-0.176781241152996
"HL1502",-0.186773554955987
"HL1503",-0.189285021990557
"HL1504",-0.21300867579404
"HL1505",-0.179037457755617
"HL1506",-0.11162635260533
"HL1507",-0.227424802386779
"HL1508",-0.250917511613144
"HL1509",-0.242788039552301
"HL1510",-0.242788039552301
"HL1511",-0.242786241251099
"HL1512",-0.242787100165127
"HL1513",-0.207264460800836
"HL1514",-0.166858424870445
"HL1515",0.146291216997437
"HL1516",0.00543240678291551
"HL1517",-0.0585695745827389
"HL1518",0.049404955150948
"HL1519",0.0464884822209394
"HL1520",-0.0289346326966214
"HL1521",0.0378092699590037
"HL1522",-0.021067688518373
"HL1523",0.0226733544697861
"HL1524",-0.0535050593250042
"HL1525",-0.0339809248988375
"HL1526",0.00253548448384977
"HL1527",0.161124021988925
"HL1528",0.10288306253462
"HL1529",0.120786402373355
"HL1530",0.159147710567347
"HL1531",0.162302682320002
"HL1532",0.171124747972875
"HL1533",0.165388997369255
"HL1534",0.167579119719571
"HL1535",0.150237010887105
"HL1536",0.169767964480792
"HL1537",0.17943995913066
"HL1538",0.0840977451659443
"HL1539",0.16508914650185
"HL1540",0.171885021277301
"HL1541",0.173423527135153
"HL1542",0.171339321913844
"HL1543",0.182742497206492
"HL1544",0.181906133660917
"HL1545",0.0265966402964645
"HL1546",0.0428573831420886
"HL1547",0.152015252989305
"HL1548",0.110901960633082
"HL1549",0.0792424319286382
"HL1550",0.134054984932439
"HL1551",0.128768423687231
"HL1552",0.11066702040324
"HL1553",0.119007629008834
"HL1554",0.111370571930431
"HL1555",0.129416246925825
"HL1556",0.0979199791345396
"HL1557",0.0875704911157819
"HL1558",0.118856697083068
"HL1559",0.167370636915998
"HL1560",0.150761075271695
"HL1561",0.154231413390945
"HL1562",0.167195132885454
"HL1563",0.159738190085924
"HL1564",0.169560961475251
"HL1565",0.170162625123303
"HL1566",0.170488299426512
"HL1567",0.186046145222392
"HL1568",0.17008328342209
"HL1569",0.167356594594923
"HL1570",0.123878546575453
"HL1571",0.181472678172778
"HL1572",0.190395294142034
"HL1573",0.181331352463707
"HL1574",0.19361022321041
"HL1575",0.1736895539652
"HL1576",0.156044373985507
"HL1577",0.19134830400401
"HL1578",0.125680966868685
"HL1579",-0.0500505792219544
"HL1580",0.0453286662457718
"HL1581",0.0825679269629554
"HL1582",-0.01985994226149
"HL1583",0.00705418996792392
"HL1584",-0.0566046907905578
"HL1585",-0.0268646522609225
"HL1586",-0.0341944490338551
"HL1587",-0.0203348923936894
"HL1588",0.0147510823646984
"HL1589",0.0111683305687463
"HL1590",-0.00538814296707937
"HL1591",0.0361163908745492
"HL1592",0.0648877507260379
"HL1593",0.0475697371081233
"HL1594",0.0331102556425063
"HL1595",0.00843854332876592
"HL1596",0.00901061052526173
"HL1597",0.0118574457729591
"HL1598",-0.0017789670934239
"HL1599",-0.00972449459388974
"HL1600",0.0183050660675891
"HL1601",0.0059240969747302
"HL1602",0.0502731423435428
"HL1603",-0.0105794202340274
"HL1604",-0.0305253738280679
"HL1605",-0.0304480227574424
"HL1606",-0.0303292030755062
"HL1607",-0.0303859477725066
"HL1608",0.00497165673916064
"HL1609",-0.100411261758468
"HL1610",-0.0442336478188559
"HL1611",0.249241719289259
"HL1612",0.128968032825369
"HL1613",0.0553107353711693
"HL1614",0.168123034865147
"HL1615",0.160305856361931
"HL1616",0.112714644980929
"HL1617",0.145802012636465
"HL1618",0.120410784386303
"HL1619",0.161123783937159
"HL1620",0.0327250641242202
"HL1621",0.0514791371870404
"HL1622",0.145638609837688
"HL1623",0.296956498401861
"HL1624",0.227138959717687
"HL1625",0.235509657242279
"HL1626",0.281622789675639
"HL1627",0.28671580637916
"HL1628",0.295018913637622
"HL1629",0.285873138267459
"HL1630",0.282140817568902
"HL1631",0.286342967853439
"HL1632",0.29525462250957
"HL1633",0.286046126359932
"HL1634",0.191010929636702
"HL1635",0.167403540124787
"HL1636",0.0960575125063871
"HL1637",0.098980212911665
"HL1638",0.0924938375784305
"HL1639",0.093706289327616
"HL1640",0.0688191699509508
"HL1641",-0.0749230044563651
"HL1642",-0.0287389312414085
"HL1643",-0.151115747370075
"HL1644",-0.159082266870033
"HL1645",-0.132062914764433
"HL1646",-0.123856909272645
"HL1647",-0.143561390546686
"HL1648",-0.0152540189285475
"HL1649",-0.10101707164807
"HL1650",-0.0149518031313828
"HL1651",-0.0472232603037321
"HL1652",0.0195974290346329
"HL1653",0.0273946162516643
"HL1654",-0.0345847578485742
"HL1655",-0.201412600740395
"HL1656",-0.157638959056984
"HL1657",-0.164151393111205
"HL1658",-0.15634536111778
"HL1659",-0.143541950197564
"HL1660",-0.175471056981757
"HL1661",-0.140411065818887
"HL1662",-0.12615920074623
"HL1663",-0.142277183368316
"HL1664",-0.176340779526481
"HL1665",-0.136095706912366
"HL1666",-0.121221813991096
"HL1667",-0.0555764557618637
"HL1668",-0.00724323084357534
"HL1669",-0.0390485396027241
"HL1670",-0.00736810149630535
"HL1671",-0.00758656268281019
"HL1672",-0.0421844999779702
"HL1673",-0.126002342526778
"HL1674",-0.127748147651867
"HL1675",-0.0246376454467272
"HL1676",-0.0547408146525899
"HL1677",-0.0774439372519001
"HL1678",-0.0576471786034508
"HL1679",-0.0648202561636986
"HL1680",-0.109166922652411
"HL1681",-0.0706328638552175
"HL1682",-0.0975762636644549
"HL1683",-0.0736275414738155
"HL1684",-0.115197117361903
"HL1685",-0.11658140927467
"HL1686",-0.0838019155616094
"HL1687",0.00175668691343195
"HL1688",-0.0311577128072775
"HL1689",-0.00170096071231457
"HL1690",0.00522830641995059
"HL1691",0.011673352377642
"HL1692",0.0340478191316567
"HL1693",0.0136143053028205
"HL1694",0.000487881293439629
"HL1695",0.0170807259219484
"HL1696",0.0304899583296019
"HL1697",0.0139853528796686
"HL1698",-0.0393816350151943
"HL1699",-0.0538869302885515
"HL1700",-0.0916572378681928
"HL1701",-0.0916572378681929
"HL1702",-0.0916572378681929
"HL1703",-0.0916572378681928
"HL1704",-0.0916572378681928
"HL1705",0.0484117067405476
"HL1706",0.0488753026269193
"HL1707",0.082271568459014
"HL1708",0.0580817006676088
"HL1709",0.0470480698134145
"HL1710",0.0710966561870814
"HL1711",0.0663856265469336
"HL1712",0.0588086301134462
"HL1713",0.0632315434007852
"HL1714",0.0603470218762882
"HL1715",0.0919437860311522
"HL1716",0.0583491688502795
"HL1717",0.0707317465974984
"HL1718",0.0462579187631704
"HL1719",0.0712222235362146
"HL1720",0.0930756853671949
"HL1721",0.0843311198829571
"HL1722",0.0929616478745462
"HL1723",0.0998154967866884
"HL1724",0.121585441088056
"HL1725",0.144898609672636
"HL1726",0.157452526755608
"HL1727",0.134953918883569
"HL1728",0.12057441100754
"HL1729",0.156927208766711
"HL1730",0.12780472723225
"HL1731",0.139414014334808
"HL1732",0.146969609248069
"HL1733",0.146969609248069
"HL1734",0.146969609248069
"HL1735",0.146969609248069
"HL1736",0.146969609248069
"HL1737",-0.129689711369082
"HL1738",-0.126373877866126
"HL1739",0.0298437491867998
"HL1740",-0.0115639092725944
"HL1741",-0.0496501446128217
"HL1742",-0.0248236949568646
"HL1743",-0.0209666571172323
"HL1744",-0.0458508789830663
"HL1745",-0.0100129978511191
"HL1746",-0.0391962740241045
"HL1747",-0.0150544654337916
"HL1748",-0.0470968918903691
"HL1749",-0.0622831653833813
"HL1750",-0.0237826583265303
"HL1751",0.076776701909102
"HL1752",0.0348230141173834
"HL1753",0.0632109612243391
"HL1754",0.076591709580482
"HL1755",0.0706482774716644
"HL1756",0.077709755155116
"HL1757",0.0742019301233768
"HL1758",0.0973570227322694
"HL1759",0.0858300392917681
"HL1760",0.0802457897156084
"HL1761",0.0991105924875706
"HL1762",0.00956579086783299
"HL1763",0.116972248824942
"HL1764",0.167281038084395
"HL1765",0.167281038084395
"HL1766",0.169944922259374
"HL1767",0.172156762529114
"HL1768",0.172832181738517
"HL1769",0.110161297218231
"HL1770",0.121839766345686
"HL1771",0.0433689512426812
"HL1772",0.0751720124231007
"HL1773",0.0907039107205625
"HL1774",0.065906411885116
"HL1775",0.0654990721834814
"HL1776",0.0996706849086862
"HL1777",0.0747352484834913
"HL1778",0.0862629741362698
"HL1779",0.0725902102914251
"HL1780",0.09340221027282
"HL1781",0.0999022725402097
"HL1782",0.110574590146428
"HL1783",0.116257244961086
"HL1784",0.100088124045535
"HL1785",0.104963774092907
"HL1786",0.0381535144950159
"HL1787",0.0512808462504136
"HL1788",0.0793944486585928
"HL1789",0.0295549688038552
"HL1790",0.0051136136163889
"HL1791",0.0509923536974307
"HL1792",0.0572862458501709
"HL1793",0.0481233238508892
"HL1794",0.0662894553902879
"HL1795",0.0487094527369526
"HL1796",0.0343955084253911
"HL1797",0.034395508425391
"HL1798",0.0180103610107506
"HL1799",0.0046725501795444
"HL1800",0.0226322648190706
"HL1801",-0.230801458991824
"HL1802",-0.217335296127278
"HL1803",-0.0964227798834053
"HL1804",-0.140537605986226
"HL1805",-0.169518191008731
"HL1806",-0.120730317230236
"HL1807",-0.131183520910192
"HL1808",-0.117338576096803
"HL1809",-0.109159606364803
"HL1810",-0.105593502089542
"HL1811",-0.0929606511766298
"HL1812",-0.106808507368542
"HL1813",-0.11453586070281
"HL1814",-0.108369836120876
"HL1815",-0.0952109711340891
"HL1816",-0.0967890558601821
"HL1817",-0.0917413960341262
"HL1818",-0.0833924968237718
"HL1819",-0.0754533267317264
"HL1820",-0.0848829938289718
"HL1821",-0.0745057775300318
"HL1822",-0.0701962968604725
"HL1823",-0.0545935814777023
"HL1824",-0.080919108372097
"HL1825",-0.0747897344189926
"HL1826",-0.122562484785888
"HL1827",0.0129019984316719
"HL1828",0.0872495861115593
"HL1829",0.0521728438659418
"HL1830",0.0529496286867329
"HL1831",0.0532236751284451
"HL1832",0.0519530384120229
"HL1833",0.00245919247401892
"HL1834",-0.00507775348991245
"HL1835",-0.0366423516163177
"HL1836",-0.0211024136065689
"HL1837",-0.0135369886053212
"HL1838",-0.0255735429311477
"HL1839",-0.0233522117196741
"HL1840",-0.0275445684506674
"HL1841",-0.0278597978608086
"HL1842",-0.0257747426186682
"HL1843",0.00236544325665616
"HL1844",-0.0349919701264065
"HL1845",-0.0409880038669159
"HL1846",-0.0267952520748117
"HL1847",-0.0390940513134372
"HL1848",-0.00663419098216589
"HL1849",-0.0283513561634543
"HL1850",-0.0135109569098449
"HL1851",-0.00210012117509584
"HL1852",-0.0381507739347515
"HL1853",-0.00328436289392814
"HL1854",-0.0166103278639151
"HL1855",-0.0312898837079493
"HL1856",-0.0375539261907655
"HL1857",-0.00627854391622101
"HL1858",-0.0131549783824262
"HL1859",-0.0283686552090026
"HL1860",-0.0610291692626065
"HL1861",-0.0328270293330603
"HL1862",-0.0896300591103604
"HL1863",-0.0877923688725304
"HL1864",-0.0270568971305647
"HL1865",0.11017587691762
"HL1866",0.10903112006934
"HL1867",0.0488417353418306
"HL1868",0.0721454190508394
"HL1869",0.0843579647628207
"HL1870",0.0657106020213776
"HL1871",0.0653903064015813
"HL1872",0.0831528738643698
"HL1873",0.0666726686935719
"HL1874",0.0788267683059072
"HL1875",0.0351160390141483
"HL1876",0.10492352663229
"HL1877",0.0821996003159303
"HL1878",0.0552501193929508
"HL1879",0.0438338893351166
"HL1880",0.0250810810914509
"HL1881",0.0751730500265627
"HL1882",0.0304390534385746
"HL1883",0.00432387067587453
"HL1884",0.0413517717823529
"HL1885",0.0279947370500473
"HL1886",0.0207498117380014
"HL1887",0.0308458626611284
"HL1888",0.0387502289360174
"HL1889",0.00858888197301105
"HL1890",0.037728403520801
"HL1891",0.0988366788219754
"HL1892",0.140226643292366
"HL1893",0.136298198342571
"HL1894",0.140995978378501
"HL1895",0.148695869366912
"HL1896",0.136541559079985
"HL1897",-0.179035969398814
"HL1898",-0.161137973786398
"HL1899",-0.0910611088202756
"HL1900",-0.101202362705368
"HL1901",-0.118040344792228
"HL1902",-0.103379785223559
"HL1903",-0.117009842883057
"HL1904",-0.0806676973742983
"HL1905",-0.0988085123331691
"HL1906",-0.0795709512498177
"HL1907",-0.0792577514538349
"HL1908",-0.0954886042891081
"HL1909",-0.0972541257474376
"HL1910",-0.0783919743735257
"HL1911",-0.0890877416284761
"HL1912",-0.0827169824251845
"HL1913",-0.0997200957017468
"HL1914",-0.0780813009814714
"HL1915",-0.0755726038462992
"HL1916",-0.081039235757716
"HL1917",-0.091129810620838
"HL1918",-0.0707130001660898
"HL1919",-0.0878864384779729
"HL1920",-0.0813927501285338
"HL1921",-0.0745979700801016
"HL1922",-0.103338643182988
"HL1923",-0.0827262658528026
"HL1924",-0.0822279383440351
"HL1925",-0.0701216555745456
"HL1926",-0.0724109415453939
"HL1927",-0.0822787047323711
"HL1928",-0.0899498751342367
"HL1929",0.260674470247397
"HL1930",0.257721595913262
"HL1931",0.0395710592679095
"HL1932",0.118107912723988
"HL1933",0.162983104098675
"HL1934",0.10241773220084
"HL1935",0.103061262002984
"HL1936",0.166058510497515
"HL1937",0.129748934304532
"HL1938",0.141762721641623
"HL1939",0.0906672628300368
"HL1940",0.14902700273021
"HL1941",0.165383761905426
"HL1942",0.123913453429641
"HL1943",0.0209446479289072
"HL1944",-0.0183146206279274
"HL1945",-0.00854712333603425
"HL1946",-0.0633876775170379
"HL1947",-0.046653164915302
"HL1948",-0.0149017559652437
"HL1949",-0.049785527900346
"HL1950",-0.0638932193575856
"HL1951",-0.0478915132854173
"HL1952",-0.0140692676195722
"HL1953",-0.0488060269572616
"HL1954",0.0406023001329887
"HL1955",-0.0769038497155107
"HL1956",-0.095834432240741
"HL1957",-0.122264129511935
"HL1958",-0.14877499077403
"HL1959",-0.136082218419063
"HL1960",-0.0959541595564223
"HL1961",-0.174117221640697
"HL1962",-0.202423756948278
"HL1963",-0.0744906015275577
"HL1964",-0.117088143072806
"HL1965",-0.135401972205982
"HL1966",-0.102788624265046
"HL1967",-0.110096247801486
"HL1968",-0.150344358930008
"HL1969",-0.128217068108014
"HL1970",-0.119741217495151
"HL1971",-0.108045150658451
"HL1972",-0.109924127269738
"HL1973",-0.109786406423127
"HL1974",-0.110951721600824
"HL1975",-0.0636273975199496
"HL1976",-0.0311701490036153
"HL1977",-0.017729944433549
"HL1978",0.00971879267762057
"HL1979",0.0048204533191456
"HL1980",-0.0383448803037212
"HL1981",-0.0197080353393939
"HL1982",-0.0107656538144979
"HL1983",-0.0208774019484232
"HL1984",-0.0369258464075431
"HL1985",-0.0159078416261631
"HL1986",-0.0633199247137705
"HL1987",0.0283418831314319
"HL1988",0.0601809142967769
"HL1989",0.052027772654834
"HL1990",0.0706888086408587
"HL1991",0.0483766572683895
"HL1992",0.0597463055809303
"HL1993",0.0671386352393752
"HL1994",0.0578495700850346
"HL1995",0.0600104090760699
"HL1996",0.0686278166888432
"HL1997",0.068602663859268
"HL1998",0.048839188905958
"HL1999",0.0633143279020793
"HL11000",-0.0110791523007312
"HL11001",0.0293946622784547
"HL11002",-0.00374084229125549
"HL11003",0.0156485281789151
"HL11004",0.0168155795109977
"HL11005",0.0159517468006199
"HL11006",-0.00851134406781559
"HL11007",0.0669685738283649
"HL11008",0.053571681499233
"HL11009",0.0358488978668153
"HL11010",0.0364126575873986
"HL11011",0.0375889833172541
"HL11012",0.0689154411159763
"HL11013",0.0685260090662436
"HL11014",0.0683124408866438
"HL11015",0.068553936693496
"HL11016",0.0544454115054593
"HL11017",0.0841697365031588
"HL11018",0.0685222346130698
"HL11019",0.0127669865715354
"HL11020",-0.0162183218638797
"HL11021",-0.0157325465584163
"HL11022",-0.00692162397994445
"HL11023",-0.0162183218638798
"HL11024",-0.0162183218638797
"HH11",-0.500316443505055
"HH12",-0.533504537949679
"HH13",-0.501022143740736
"HH14",-0.502937490069288
"HH15",-0.50344325532271
"HH16",-0.573668726278707
"HH17",-0.465926160010751
"HH18",-0.43647719843797
"HH19",-0.452187248021758
"HH110",-0.591853902831017
"HH111",-0.479190734630064
"HH112",-0.474083934548183
"HH113",-0.527488607932942
"HH114",-0.483753829458911
"HH115",-0.561725862783507
"HH116",-0.499738423073961
"HH117",-0.510905623716509
"HH118",-0.59729599023139
"HH119",-0.539522217041902
"HH120",-0.54183757553865
"HH121",-0.48641574583147
"HH122",-0.533295927870151
"HH123",-0.487092884268735
"HH124",-0.512371832836403
"HH125",-0.591157219073211
"HH126",-0.428054691580088
"HH127",-0.473532016492095
"HH128",-0.49999994482714
"HH129",-0.500010975990615
"HH130",-0.499321058281379
"HH131",-0.496864561067951
"HH132",-0.489464422429052
"HH133",1.59684400289384e-05
"HH134",-0.0230335828851117
"HH135",0.00930474108803643
"HH136",0.00674372414605461
"HH137",-0.00543403155426346
"HH138",0.0229518546976285
"HH139",-0.0102373637455547
"HH140",-0.0208262533563606
"HH141",-0.0118930535779035
"HH142",0.0231105316664049
"HH143",0.0064609878880298
"HH144",-0.0345047268813853
"HH145",-0.000216019623278931
"HH146",-0.000302991770999942
"HH147",0.0141140635280081
"HH148",0.00404279391432799
"HH149",0.0115750554415292
"HH150",0.0272753247395181
"HH151",0.00465398337877191
"HH152",0.00517232928696406
"HH153",-0.0048268966946984
"HH154",-0.010319094164007
"HH155",-0.0138269973841789
"HH156",0.00421775552074325
"HH157",-0.0137776388978854
"HH158",-0.0325198154608395
"HH159",0.00160884052711473
"HH160",-3.84171443518008e-07
"HH161",7.99420384742385e-05
"HH162",-0.00208132802706941
"HH163",0.00163935805623135
"HH164",0.00616996955823158
"HH165",0.000101360436026798
"HH166",-0.0214212896431635
"HH167",-0.00397504230535699
"HH168",-0.004285167319014
"HH169",0.0205276833098309
"HH170",-0.0252016692865951
"HH171",0.0114378905669173
"HH172",0.0247358683049551
"HH173",0.00958593217695862
"HH174",0.00852440680119234
"HH175",-0.0123258690515784
"HH176",0.0355450087979985
"HH177",0.0122740751732246
"HH178",-0.0143574144456808
"HH179",0.0222594457620598
"HH180",-0.00104683002215052
"HH181",-0.0175382890299101
"HH182",0.0852022902827489
"HH183",0.0152422599140596
"HH184",0.0158937876540679
"HH185",-0.00190716543841165
"HH186",0.0264400621349718
"HH187",0.00726812951582116
"HH188",0.0031444343001612
"HH189",0.057841455447174
"HH190",-0.083292089428465
"HH191",-0.0182143021838324
"HH192",7.51618129110591e-07
"HH193",-0.000161814593870247
"HH194",0.00623375273211891
"HH195",0.00728592087881747
"HH196",-0.00546214919829886
"HH197",-0.000172823768092369
"HH198",0.00815678825892706
"HH199",-0.00782495343903312
"HH1100",0.0402117095896587
"HH1101",-0.0240806705789843
"HH1102",0.0275016416116539
"HH1103",-0.00337975014990521
"HH1104",-0.0172049908662379
"HH1105",0.0200350826931523
"HH1106",-0.0312624593215836
"HH1107",0.0268765739410881
"HH1108",-0.0728483235648549
"HH1109",-0.0261132833201857
"HH1110",0.0370175860310527
"HH1111",-0.044614328152845
"HH1112",-0.0409028474787609
"HH1113",0.0235237855514367
"HH1114",-0.0638195536117764
"HH1115",-0.0441995404619092
"HH1116",-0.0340244901396642
"HH1117",0.0107860574250056
"HH1118",-0.0281160274001319
"HH1119",0.00951641443350372
"HH1120",-0.022339661379013
"HH1121",-0.0725866194703755
"HH1122",0.0335098316504153
"HH1123",0.0312020410988243
"HH1124",-1.48222727955135e-05
"HH1125",0.00319170444260436
"HH1126",-0.0024703734327375
"HH1127",-0.00356055417084945
"HH1128",0.0242648182578749
"HH1129",-9.62323741637586e-05
"HH1130",0.011736403323472
"HH1131",0.00643785616757799
"HH1132",-0.0150154867962136
"HH1133",-0.0098319237255342
"HH1134",-0.0131041917810169
"HH1135",0.010492964308043
"HH1136",0.00125384347569652
"HH1137",0.0126668030874945
"HH1138",-0.019128871453791
"HH1139",-0.0160030511723031
"HH1140",0.0162727038693427
"HH1141",0.00271184121666642
"HH1142",0.0151868492785693
"HH1143",-0.0288111924952185
"HH1144",0.01636645536363
"HH1145",-0.0107678668643132
"HH1146",-0.0692083650452652
"HH1147",-0.01455836830542
"HH1148",-0.0228830889047536
"HH1149",0.00466392974018723
"HH1150",-0.0323512591938765
"HH1151",-0.00556299261465576
"HH1152",-0.00267944649012083
"HH1153",-0.0749011119086056
"HH1154",0.0869490012222731
"HH1155",0.0458106524626005
"HH1156",6.98879865335947e-05
"HH1157",0.035552368823554
"HH1158",-0.000848347499949355
"HH1159",-0.00789018027404521
"HH1160",-0.00364419835519427
"HH1161",0.000519783877695365
"HH1162",-0.0709207861890167
"HH1163",0.0252879301443196
"HH1164",-0.0349403021804772
"HH1165",0.0112945207766397
"HH1166",-0.0787747742123913
"HH1167",0.0370203493197093
"HH1168",0.0626727941465906
"HH1169",0.0401130212413109
"HH1170",-0.0572094568622518
"HH1171",-0.0354878347768494
"HH1172",0.0935155891780448
"HH1173",-0.00318791811456958
"HH1174",-0.0446573128649815
"HH1175",-0.00343633652361634
"HH1176",0.0339769802341248
"HH1177",-0.026165583888978
"HH1178",-0.0132128397497876
"HH1179",-0.00510430693277009
"HH1180",-0.00623540687737062
"HH1181",0.00116021018336403
"HH1182",-0.00833031114898156
"HH1183",0.00013465538910291
"HH1184",-0.0254049262872879
"HH1185",-0.0192214791512407
"HH1186",-0.00923768137265734
"HH1187",-0.0398961983550342
"HH1188",0.0152735942844388
"HH1189",0.00180424914443958
"HH1190",0.00185480360743732
"HH1191",0.0019745426786903
"HH1192",-0.0112198184128795
"HH1193",5.43780274389742e-05
"HH1194",-0.0149767746328018
"HH1195",0.0114367009459609
"HH1196",-0.0230401313619903
"HH1197",0.0177772014882001
"HH1198",-0.0765316196669709
"HH1199",0.0455654951897697
"HH1200",0.0512807600155553
"HH1201",0.0265696803178396
"HH1202",-0.0329383249681265
"HH1203",0.00748496444939206
"HH1204",0.0693481372727529
"HH1205",-0.000243814701771595
"HH1206",-0.0177378572950279
"HH1207",-0.0178914541565225
"HH1208",0.0163415954405263
"HH1209",-0.041319665302263
"HH1210",-0.00477138673362292
"HH1211",-0.0172548455855122
"HH1212",-0.0232192449747575
"HH1213",0.0103396020947573
"HH1214",0.00564864359510874
"HH1215",0.0210073857373791
"HH1216",-0.0038576958422585
"HH1217",-0.00478652837559672
"HH1218",0.00105867475602373
"HH1219",0.00460119856413302
"HH1220",-0.0100168898586468
"HH1221",0.000273987223929029
"HH1222",0.027650632462384
"HH1223",-0.0240532322847356
"HH1224",0.0326023282263915
"HH1225",-1.78201761173724e-05
"HH1226",-0.0238706991028284
"HH1227",0.003298007698005
"HH1228",0.00314899592890818
"HH1229",-0.0017640337348792
"HH1230",0.00231469136124195
"HH1231",-0.0091227282407261
"HH1232",0.00903143378463449
"HH1233",-0.0016294745218357
"HH1234",-0.00370618646486959
"HH1235",0.0197018071807518
"HH1236",0.00267311071581041
"HH1237",-0.000926271179150014
"HH1238",-0.00450388070182782
"HH1239",-0.00857302472353644
"HH1240",-0.0177897154010282
"HH1241",0.0139371135244581
"HH1242",0.0253535533985492
"HH1243",0.00462710434489147
"HH1244",0.00686842508144716
"HH1245",-4.04992608180189e-05
"HH1246",0.0141124874146437
"HH1247",0.00580512504435133
"HH1248",0.00032334451574099
"HH1249",0.0295664407804592
"HH1250",0.0290902553018265
"HH1251",0.00912567706915785
"HH1252",7.03711159944371e-07
"HH1253",-1.96261557335472e-17
"HH1254",-0.00271323469918855
"HH1255",-0.00251513513684519
"HH1256",-0.00139969522635877
"HH1257",0.000565694524545242
"HH1258",0.0235936945804063
"HH1259",0.0269563519895521
"HH1260",-0.0545859996209993
"HH1261",0.0185186537560983
"HH1262",-0.10061457973081
"HH1263",0.0541221366059526
"HH1264",0.0717288274418235
"HH1265",0.0199744801706307
"HH1266",-0.051657625862933
"HH1267",-0.0294984737489578
"HH1268",0.0722114418449379
"HH1269",0.00643639967926037
"HH1270",-0.0357191951685814
"HH1271",-0.00165142255340196
"HH1272",0.0753433566767431
"HH1273",-0.0411839817320197
"HH1274",-0.0358802924016136
"HH1275",0.00329997754715123
"HH1276",-0.00515108561800839
"HH1277",0.00256521485700146
"HH1278",0.000341799795193921
"HH1279",0.00520299676767728
"HH1280",-0.00228289167473485
"HH1281",-0.00248025563922238
"HH1282",-0.0520522343564086
"HH1283",-0.00438977664402259
"HH1284",-3.92523114670944e-17
"HH1285",3.92523114670944e-17
"HH1286",-0.0015136851612246
"HH1287",0.0140664313387005
"HH1288",-0.000378650245326082
"HH1289",-3.78263082502727e-05
"HH1290",-0.00170216892129932
"HH1291",-0.00137629708184119
"HH1292",0.00140089185737604
"HH1293",-0.00323738757853866
"HH1294",0.00504441773689104
"HH1295",-0.00388749565400651
"HH1296",-0.00187201173650917
"HH1297",0.00419790095800248
"HH1298",0.0155509885498561
"HH1299",-0.0178316175655539
"HH1300",0.0101254234367492
"HH1301",0.00617316581362196
"HH1302",-0.0110413913344717
"HH1303",0.0100982836179701
"HH1304",0.00716943797016403
"HH1305",-0.0107698714876533
"HH1306",0.0135228523251879
"HH1307",-0.00760328844438305
"HH1308",0.00733617079794838
"HH1309",-0.00369193003233726
"HH1310",-0.0126075253398221
"HH1311",-0.00743741117954973
"HH1312",0.00329438477517207
"HH1313",0.0130705968817169
"HH1314",-0.0200010817311143
"HH1315",-5.7262547885238e-05
"HH1316",0
"HH1317",1.96261557335472e-17
"HH1318",-1.96261557335472e-17
"HH1319",5.9801455919823e-06
"HH1320",-0.00367461473605187
"HH1321",0.00590716657181472
"HH1322",-0.00463508039722328
"HH1323",-0.0220486081458263
"HH1324",0.0488234223460929
"HH1325",-0.000284282311346052
"HH1326",0.0765278617927543
"HH1327",-0.0364238381043827
"HH1328",-0.061822019670919
"HH1329",-0.0302518061185164
"HH1330",0.015573777510886
"HH1331",0.0456892042403401
"HH1332",-0.0667132293398426
"HH1333",-0.011314551920768
"HH1334",0.0460594525510938
"HH1335",-0.0306370263829007
"HH1336",-0.0633066228193803
"HH1337",0.0142420922775448
"HH1338",-0.0270226097345098
"HH1339",-0.00480120347772223
"HH1340",-0.0131931622897073
"HH1341",0.0170503687575438
"HH1342",0.0213981972122713
"HH1343",0.0229590481132165
"HH1344",-0.0139723157062165
"HH1345",0.00992458411280244
"HH1346",-0.0501467417033165
"HH1347",-0.0389251113885701
"HH1348",-4.41588504004812e-17
"HH1349",4.9065389333868e-17
"HH1350",0
"HH1351",0.00544407994232374
"HH1352",-0.00273507050609558
"HH1353",-0.0120663185756778
"HH1354",-0.00845875645513627
"HH1355",0.00435058596989417
"HH1356",-0.00642676519611726
"HH1357",-0.00634872574762272
"HH1358",-0.00928377767004027
"HH1359",0.00401540810673339
"HH1360",0.00813739637591818
"HH1361",0.0039819297199311
"HH1362",-0.00100689375751001
"HH1363",0.0187991669056028
"HH1364",0.000676154045437614
"HH1365",-0.00696007355884487
"HH1366",-0.00608638941823831
"HH1367",0.00599148708944663
"HH1368",-0.0101602130233928
"HH1369",0.000477339401829577
"HH1370",0.00399196707045041
"HH1371",0.0142702924651785
"HH1372",0.00132979885516745
"HH1373",0.0171868236770259
"HH1374",0.034877498386319
"HH1375",0.0111004994372859
"HH1376",-0.0144469527244983
"HH1377",0.0355276864696505
"HH1378",0.00635025119073325
"HH1379",0.0266104417048964
"HH1380",2.00325971608741e-06
"HH1381",-4.27977457414634e-06
"HH1382",0.0134390044567904
"HH1383",-0.0202708755104495
"HH1384",0.0135590371516789
"HH1385",2.4532694666934e-18
"HH1386",0.00900094432733892
"HH1387",0.00218155205424452
"HH1388",-0.0134861566056735
"HH1389",0.000533818911475297
"HH1390",-0.0173264715747217
"HH1391",0.0255168612044602
"HH1392",-0.0278874271599836
"HH1393",-0.0283154265589932
"HH1394",0.0176096872605047
"HH1395",0.0024284614743895
"HH1396",-0.0284812096324375
"HH1397",0.0216377398060921
"HH1398",0.0123811376140437
"HH1399",0.000281297072774191
"HH1400",0.017268878116489
"HH1401",-0.0114929594862233
"HH1402",0.00375410001337294
"HH1403",0.0137040652923032
"HH1404",0.00737449735908035
"HH1405",-0.000880967220960318
"HH1406",0.0155943823065971
"HH1407",-0.00119502384593757
"HH1408",-0.00735005721358817
"HH1409",0.0287719841135185
"HH1410",-0.123765855041118
"HH1411",-0.0610063937744512
"HH1412",0.0137840452916267
"HH1413",-0.029448306723936
"HH1414",-0.0183878181987745
"HH1415",0.0192539573938328
"HH1416",-0.0130902202088271
"HH1417",-6.1331736667335e-19
"HH1418",0.0157023261073539
"HH1419",-0.00729091896071431
"HH1420",-0.0144998361966639
"HH1421",0.00583564275971906
"HH1422",0.00550965144305102
"HH1423",0.0119202414266016
"HH1424",-0.0140348535136715
"HH1425",-0.0332531345916065
"HH1426",0.0178307814253557
"HH1427",-0.00267106793303959
"HH1428",-0.0448730495805201
"HH1429",0.0391980176223688
"HH1430",0.00176804602443523
"HH1431",0.00629088810636213
"HH1432",0.0249251313144148
"HH1433",-0.0153343841972731
"HH1434",0.00495559790557619
"HH1435",-7.08335655575168e-06
"HH1436",0.0103129877787702
"HH1437",0.0181637353164414
"HH1438",0.0246630342692513
"HH1439",-0.00794201726065537
"HH1440",-0.015286174627344
"HH1441",0.0355697707698151
"HH1442",-0.0699161156844092
"HH1443",-0.0174091120004297
"HH1444",-0.000559134028843026
"HH1445",0.00119453687453869
"HH1446",0.000537410671909319
"HH1447",-0.000609689468107041
"HH1448",0.00407869401967866
"HH1449",-9.61596708567953e-09
"HH1450",-0.00286105343954061
"HH1451",-0.00157990757442846
"HH1452",-0.0184621493020123
"HH1453",0.0125318662950588
"HH1454",0.00839566288444263
"HH1455",-0.00782807350685263
"HH1456",-0.00148605926395972
"HH1457",0.00548250380475284
"HH1458",-0.00263903948187413
"HH1459",-0.0392938798258265
"HH1460",0.00415944750465063
"HH1461",-0.011185303503291
"HH1462",-0.00103723108164443
"HH1463",-0.000203299133766583
"HH1464",-0.00652317601218549
"HH1465",0.00559860814220244
"HH1466",0.000484987083919743
"HH1467",-0.000784498389793518
"HH1468",-0.00101147544243975
"HH1469",-0.00377901624444605
"HH1470",-0.017627598206713
"HH1471",-0.0148193272996295
"HH1472",-0.00360868172061917
"HH1473",-0.0306905694679922
"HH1474",0.0120912757462211
"HH1475",-0.00720763662556842
"HH1476",-0.00424154714023717
"HH1477",0
"HH1478",0
"HH1479",1.96261557335472e-17
"HH1480",0
"HH1481",-2.71745402355738e-07
"HH1482",0.000250935652408694
"HH1483",-0.0357411605062344
"HH1484",0.0526615328144213
"HH1485",-0.00208398112738155
"HH1486",0.124534141646718
"HH1487",-0.0551091877403672
"HH1488",-0.105943584332021
"HH1489",-0.0677850090327971
"HH1490",0.0540753269225447
"HH1491",0.0498601938638528
"HH1492",-0.111429333110158
"HH1493",0.0121448883814957
"HH1494",0.0594921937538003
"HH1495",-0.00730220893539113
"HH1496",-0.0505857668819745
"HH1497",0.0266443732870963
"HH1498",-0.00445196445062408
"HH1499",0.00166807627228033
"HH1500",-0.000457952695324557
"HH1501",-0.00322632102343127
"HH1502",-0.0141896080240209
"HH1503",-0.0101740744776726
"HH1504",-0.00398251224664482
"HH1505",-0.0243980144806577
"HH1506",0.0844717467279307
"HH1507",-0.0144069108763853
"HH1508",0.0038216588760283
"HH1509",1.90128383668738e-17
"HH1510",1.96261557335472e-17
"HH1511",1.79488385353149e-06
"HH1512",-9.39007469044249e-07
"HH1513",2.79073147581738e-06
"HH1514",0.0288691305780471
"HH1515",0.0257167625264336
"HH1516",-0.0669676729689437
"HH1517",0.00467217089941483
"HH1518",-0.109833996282488
"HH1519",0.0616136879700981
"HH1520",0.0766066238334762
"HH1521",0.0371150336570996
"HH1522",-0.0354644339023323
"HH1523",-0.028951398368099
"HH1524",0.0499295579266494
"HH1525",0.00342756060326329
"HH1526",-0.0403319965905731
"HH1527",0.00164430691188395
"HH1528",0.0645193646345605
"HH1529",-0.0502773288136882
"HH1530",0.00575273475119565
"HH1531",-0.00239004193159392
"HH1532",9.58944706631549e-05
"HH1533",0.000707147305621649
"HH1534",0.00311008824265799
"HH1535",-0.0152322340807846
"HH1536",0.000350358773471392
"HH1537",0.0188345469354998
"HH1538",-0.0844848545497336
"HH1539",0.00624787827186188
"HH1540",0.000545699363457251
"HH1541",-0.00207958712888674
"HH1542",0
"HH1543",0.0106825128904984
"HH1544",-0.00281623692993
"HH1545",1.08477043208069e-06
"HH1546",0.011775584553525
"HH1547",0.0121154725390234
"HH1548",-0.0265302593710569
"HH1549",-0.0108380457661486
"HH1550",-0.0392461055657999
"HH1551",0.0308538437290805
"HH1552",0.0245993938671868
"HH1553",0.00178336811167311
"HH1554",-0.00972658375116063
"HH1555",-0.00831497303533461
"HH1556",0.0150051238760716
"HH1557",0.0163392288668344
"HH1558",-0.0130697355603691
"HH1559",0.00141976190954857
"HH1560",0.0310709757963236
"HH1561",-0.0214682145604096
"HH1562",0.00422997307450789
"HH1563",-0.0136640746294378
"HH1564",0.000814621106584285
"HH1565",0.000132921868877236
"HH1566",0.000434298582520253
"HH1567",0.011768183327276
"HH1568",-0.000186265608355598
"HH1569",-0.00245346927194196
"HH1570",-0.0421865480549449
"HH1571",0.0115188235727376
"HH1572",-0.00321492906837581
"HH1573",0.0122516637522188
"HH1574",0
"HH1575",-0.0157647732553261
"HH1576",-0.00808584937032399
"HH1577",-4.43580523728051e-06
"HH1578",-0.0473193213606124
"HH1579",-0.00584807867107301
"HH1580",0.0459605490480232
"HH1581",0.0044443653937216
"HH1582",0.0424624753324734
"HH1583",-0.0506053022860662
"HH1584",-0.00401638788650762
"HH1585",0.0285911132310481
"HH1586",0.0138687948833658
"HH1587",-0.0264464520356233
"HH1588",0.0550980426716412
"HH1589",-0.0274427356806789
"HH1590",-0.011020621926133
"HH1591",0.00189373491388212
"HH1592",-0.0263416713400142
"HH1593",0.0271192671749068
"HH1594",-0.0112357724066875
"HH1595",0.00433505377021407
"HH1596",-0.00606997458011989
"HH1597",-0.00556561406633391
"HH1598",-0.0181846547921784
"HH1599",-0.00497658098241159
"HH1600",0.00468084991411396
"HH1601",-0.0260535048535317
"HH1602",0.069001033785451
"HH1603",-0.019630214364023
"HH1604",0
"HH1605",7.70338829591199e-05
"HH1606",-3.21109776672639e-05
"HH1607",-5.79918987233955e-05
"HH1608",0.0108310297430186
"HH1609",4.59025410829428e-06
"HH1610",0.0372104726824287
"HH1611",0.0345705488376802
"HH1612",-0.0722164422757182
"HH1613",0.00285787828841808
"HH1614",-0.126801372483367
"HH1615",0.0815570320499818
"HH1616",0.0682485700009607
"HH1617",0.0357433356183376
"HH1618",-0.0321705995243894
"HH1619",-0.0303069582713506
"HH1620",0.0155848303614826
"HH1621",0.035587969051541
"HH1622",-0.0369712030026407
"HH1623",0.000366984831882773
"HH1624",0.0640954740845179
"HH1625",-0.0447327871112134
"HH1626",0.00658258407497352
"HH1627",-0.00317827816284171
"HH1628",-0.00314398678779941
"HH1629",0.00162025442124477
"HH1630",-2.04432537096496e-05
"HH1631",0.00320433633133509
"HH1632",-0.00144405946483088
"HH1633",-0.00258463536067587
"HH1634",-0.0838274660482056
"HH1635",-0.0662795877840454
"HH1636",2.1769849592265e-06
"HH1637",-0.0018678634992831
"HH1638",0.000581642600985313
"HH1639",0.001236701415941
"HH1640",0.00452684956780031
"HH1641",2.91635967592314e-06
"HH1642",0.0341090308825766
"HH1643",-0.0406943105789988
"HH1644",0.0264906939297768
"HH1645",-0.00104857222657938
"HH1646",0.0955474371690243
"HH1647",-0.0450297970620384
"HH1648",-0.0780940733812928
"HH1649",-0.0646250920679774
"HH1650",0.0536904333387647
"HH1651",0.00465152383081546
"HH1652",-0.0771408855486535
"HH1653",0.0157126617005713
"HH1654",0.0301062833230041
"HH1655",0.0106921909589121
"HH1656",-0.0174308262401636
"HH1657",0.00407761667487267
"HH1658",0.00714207998835694
"HH1659",0.0121805561574219
"HH1660",0.0120273197657815
"HH1661",-0.00622969995909608
"HH1662",1.06406667780847e-05
"HH1663",-0.0122867624561675
"HH1664",0.00555339255137103
"HH1665",0.0152934776760717
"HH1666",-0.00492442718491898
"HH1667",0.045109685436623
"HH1668",-1.59737740643936e-05
"HH1669",0.00338825884294324
"HH1670",3.285130392354e-05
"HH1671",-0.000229354311051668
"HH1672",0.0256499233452835
"HH1673",0
"HH1674",-0.00174029702523857
"HH1675",0.0167151719765084
"HH1676",-0.0224523778437906
"HH1677",0.00107425472751184
"HH1678",-0.0540726670924819
"HH1679",0.040452185289708
"HH1680",0.0409386173133834
"HH1681",0.0274871807957499
"HH1682",-0.0143693574582016
"HH1683",-0.0178588631428984
"HH1684",0.0373797308362743
"HH1685",0.00149309824328459
"HH1686",-0.025340812538623
"HH1687",0.00713614800223313
"HH1688",0.0297682759089046
"HH1689",0.0125846430274668
"HH1690",0.00531854053267982
"HH1691",-0.00294036949478949
"HH1692",0.00092865771913981
"HH1693",0.00579593213888398
"HH1694",0.000123198086876147
"HH1695",-0.0100256958309948
"HH1696",0.0104230923872863
"HH1697",-0.00984444953430085
"HH1698",-0.0342285743357893
"HH1699",-0.0352567809246753
"HH1700",0
"HH1701",3.92523114670944e-17
"HH1702",0
"HH1703",-1.96261557335472e-17
"HH1704",0
"HH1705",0
"HH1706",0.000463595886371711
"HH1707",0.000705934096660281
"HH1708",-0.00227534255739538
"HH1709",-0.00811452628570205
"HH1710",-0.0025053761518629
"HH1711",0.00425354344980801
"HH1712",0.00583345677092172
"HH1713",0.00285461861318922
"HH1714",-0.00176895791974205
"HH1715",-0.0282355637980441
"HH1716",0.00646789435515367
"HH1717",0.0105265750776524
"HH1718",-0.0208048694647573
"HH1719",0.00116757253423014
"HH1720",0.0231608033096066
"HH1721",-0.0124354092938508
"HH1722",-0.0245016580251314
"HH1723",0.0229214588190528
"HH1724",0.00954487724558518
"HH1725",0.0063105233961611
"HH1726",0.0161102238377538
"HH1727",-0.0177569336909209
"HH1728",-0.0183146293203843
"HH1729",0.01579050608174
"HH1730",-0.0471927125856699
"HH1731",0.00823920996049729
"HH1732",3.92523114670944e-17
"HH1733",0
"HH1734",-5.88784672006416e-17
"HH1735",1.96261557335472e-17
"HH1736",3.92523114670944e-17
"HH1737",0.000367051573716297
"HH1738",0.00369506233623332
"HH1739",0.0236813422400017
"HH1740",-0.037306347673126
"HH1741",0.00144308872127031
"HH1742",-0.0963580112401008
"HH1743",0.0530459032350096
"HH1744",0.0472657423546477
"HH1745",0.0231273872340385
"HH1746",-0.0202590419306246
"HH1747",-0.011201902029738
"HH1748",0.0508469727559904
"HH1749",0.00112878876924644
"HH1750",-0.0262380188142628
"HH1751",0.00325117872884041
"HH1752",0.0294374706347767
"HH1753",-0.0373083685741388
"HH1754",0.0209689597498893
"HH1755",-0.0023688161564106
"HH1756",0.000873090384374841
"HH1757",-0.00508294232654834
"HH1758",-0.0206223026788173
"HH1759",-0.011979743229268
"HH1760",0.0169888764530634
"HH1761",-0.0270380239647879
"HH1762",-0.0560501773744845
"HH1763",0.0475547402486776
"HH1764",-3.92523114670944e-17
"HH1765",-3.92523114670944e-17
"HH1766",0.00262212086004134
"HH1767",-0.00120549210275345
"HH1768",0.00292613337299232
"HH1769",-0.0125962126445473
"HH1770",-0.00133563397675395
"HH1771",-0.00732412359159806
"HH1772",0.0152281006926841
"HH1773",-0.000602570328881039
"HH1774",0.0256843555042753
"HH1775",-0.0131743936529653
"HH1776",-0.00910641222543189
"HH1777",-0.00962071269318566
"HH1778",0.00807087738138077
"HH1779",0.00824873759062576
"HH1780",-0.0170410066858343
"HH1781",0.00142350155886456
"HH1782",0.0126503545393825
"HH1783",-0.0155176790450031
"HH1784",-0.022491095152072
"HH1785",0.00513603118372414
"HH1786",-0.0341219452217834
"HH1787",-0.00876300986924014
"HH1788",-0.0171902235660724
"HH1789",0.0270754575864949
"HH1790",0.0246228295369925
"HH1791",0.0138110955427456
"HH1792",-0.0240193047757519
"HH1793",-0.00570143799956081
"HH1794",0.0265073333380179
"HH1795",-0.0140476426187219
"HH1796",-1.96261557335472e-17
"HH1797",3.92523114670944e-17
"HH1798",-0.0161282676004914
"HH1799",0.00768168213851413
"HH1800",-0.0338436191654837
"HH1801",-6.88039431855453e-06
"HH1802",0.0134442963449904
"HH1803",0.0070985328281849
"HH1804",-0.0284136311870728
"HH1805",0.0011245301269794
"HH1806",-0.045649493664122
"HH1807",0.0385071601482612
"HH1808",0.00131928462946777
"HH1809",-0.00697077958364087
"HH1810",-0.00312229617354696
"HH1811",-0.00438502524064661
"HH1812",0.00056390600533494
"HH1813",0.016246287835864
"HH1814",-0.00790037347736044
"HH1815",0.00529166176521965
"HH1816",0.010865821868528
"HH1817",-0.0314471340982584
"HH1818",0.00635133897445372
"HH1819",0.00362977786133697
"HH1820",0.00359837087686426
"HH1821",-0.00184984307455761
"HH1822",6.76102010900285e-05
"HH1823",0.00252609324827656
"HH1824",-0.0025805552910345
"HH1825",0.00309122515919183
"HH1826",-0.0480731296585525
"HH1827",0.0768386972510836
"HH1828",-0.0332497846800032
"HH1829",0.00083821335663479
"HH1830",0.000343079123971404
"HH1831",-0.000378095352475256
"HH1832",-0.000936963193479233
"HH1833",0
"HH1834",-0.0075275130304669
"HH1835",0.00216483883264176
"HH1836",0.0074174208567319
"HH1837",-0.000293560267211144
"HH1838",0.0126053746198594
"HH1839",-0.0100074990572548
"HH1840",-0.00445108653815331
"HH1841",0.000859315393195784
"HH1842",0.00328427231949648
"HH1843",-0.0322535773532462
"HH1844",0.00721701238867436
"HH1845",0.0243521478499543
"HH1846",-0.00196944818040772
"HH1847",-0.000291580357708738
"HH1848",0.0200040475391456
"HH1849",0.0126722338313262
"HH1850",-0.026115830527316
"HH1851",0.0020636571195572
"HH1852",-0.000610079121241798
"HH1853",-0.00430189150942171
"HH1854",-0.0189225265771122
"HH1855",-0.0189256956065321
"HH1856",0.00543182924195537
"HH1857",-0.0325458689462533
"HH1858",0.0241076952160004
"HH1859",0.00756916951454399
"HH1860",-0.0230440621412641
"HH1861",-0.0305125665273117
"HH1862",-0.0110893976668964
"HH1863",0.00999557776827008
"HH1864",-0.0382544962874792
"HH1865",4.75533777354158e-09
"HH1866",-0.00116440125365854
"HH1867",-0.00602819597136712
"HH1868",0.0119736663645363
"HH1869",-0.000473807576785135
"HH1870",0.0210458856089001
"HH1871",-0.0112091670943151
"HH1872",-0.0151626990157626
"HH1873",-0.0121125994180626
"HH1874",0.00444212179599229
"HH1875",0.0407888779993559
"HH1876",-0.00858989100164071
"HH1877",-0.0179395564986043
"HH1878",0.0287180994733318
"HH1879",-0.0010214664639165
"HH1880",-0.0351061165794207
"HH1881",-0.0215938537699747
"HH1882",0.015074004774652
"HH1883",-0.00210642184231401
"HH1884",0.000852900081060756
"HH1885",0.00102883538752586
"HH1886",0.0176945552436782
"HH1887",0.0207764111646438
"HH1888",-0.00378296586683125
"HH1889",0.0332203099903468
"HH1890",-0.00435148286002989
"HH1891",0.036502942836196
"HH1892",0.000776576969784603
"HH1893",0.000487511487757991
"HH1894",-4.90092992644207e-06
"HH1895",0.01447492883131
"HH1896",0.00307664880800689
"HH1897",8.8664517038461e-07
"HH1898",0.0142247174755751
"HH1899",-0.000725370834257475
"HH1900",-0.0138844445330697
"HH1901",-0.00127474416948943
"HH1902",-0.011371331813761
"HH1903",0.013748167246288
"HH1904",-0.00499432363309704
"HH1905",-0.0167201743814251
"HH1906",0.008819115531161
"HH1907",-0.00317366495945929
"HH1908",-0.0208245110986931
"HH1909",0.0209164876136613
"HH1910",-0.000790689686563165
"HH1911",0.00409073069653112
"HH1912",-0.00292861898694889
"HH1913",-0.0147308448556362
"HH1914",0.00510759057082253
"HH1915",0.00309784744195156
"HH1916",0.00313977638515086
"HH1917",0.00118534920959846
"HH1918",0.00294106317147512
"HH1919",-0.0128611240044112
"HH1920",0.00123198987451007
"HH1921",0.00571253369015349
"HH1922",-0.0329022374889821
"HH1923",-0.00671873223511562
"HH1924",0.00781734504916621
"HH1925",-0.00850600557615252
"HH1926",0.00134683560946265
"HH1927",-0.0016733767921386
"HH1928",-0.000112286452673154
"HH1929",1.6087903784523e-07
"HH1930",-0.00361670405863686
"HH1931",-0.0174527344257367
"HH1932",0.0395296682499384
"HH1933",0.00254527696068602
"HH1934",0.0623785053395472
"HH1935",-0.0298059115558867
"HH1936",-0.0488956022306707
"HH1937",-0.0227693110763552
"HH1938",0.00407806650251306
"HH1939",0.0518526928379712
"HH1940",-0.0656440266615669
"HH1941",-0.0186987153253537
"HH1942",0.0421015825156915
"HH1943",-0.0202802475664678
"HH1944",0.00220988032603727
"HH1945",0.0829947589386335
"HH1946",0.0131811449536086
"HH1947",-0.0120619774376845
"HH1948",-0.0119522917065265
"HH1949",0.00619006996338531
"HH1950",3.31490346671615e-05
"HH1951",0.0122249891514723
"HH1952",-0.00551517491360749
"HH1953",-0.00984512986880733
"HH1954",0.0956447026154361
"HH1955",-0.0178666576501447
"HH1956",-0.000197632428354726
"HH1957",-0.0254561243104014
"HH1958",0.00576184512015148
"HH1959",0.0153542321699341
"HH1960",0.000317786446246022
"HH1961",-3.02904085909219e-06
"HH1962",-0.0157935006971645
"HH1963",0.00922381327295166
"HH1964",-0.0179556455746575
"HH1965",0.000710442680461636
"HH1966",-0.0269104688515913
"HH1967",0.00438788338879819
"HH1968",0.018577201845948
"HH1969",0.00556796202315518
"HH1970",0.000779028067247261
"HH1971",-0.0417434097228161
"HH1972",0.0366537235966358
"HH1973",0.00597905923219479
"HH1974",-0.0221684382651048
"HH1975",0.0122934274543171
"HH1976",-0.00947114494994708
"HH1977",-0.0317269253595375
"HH1978",0.00312906467870761
"HH1979",-0.00413522639721831
"HH1980",0.00420327504769816
"HH1981",-0.00390884656400146
"HH1982",6.6765227935828e-06
"HH1983",-0.00770820186291931
"HH1984",0.00864421560621697
"HH1985",0.00337723057065233
"HH1986",-0.0481270253483575
"HH1987",0.0299085999435408
"HH1988",0
"HH1989",-0.00763431097883038
"HH1990",-0.0171370907168247
"HH1991",-0.00463547070989959
"HH1992",0.000434608715846639
"HH1993",3.92523114670944e-17
"HH1994",-0.0092761170167113
"HH1995",0.00958912404914589
"HH1996",-0.000468832358829091
"HH1997",0.000231524497985384
"HH1998",-0.020549325219413
"HH1999",-0.000741107308990419
"HH11000",0.0301432564502645
"HH11001",0.0322726639496357
"HH11002",-0.0159038602045063
"HH11003",-0.0111319925520618
"HH11004",0.0210320482080933
"HH11005",-0.0185175027226736
"HH11006",-0.00811560775657098
"HH11007",0.00190750697484445
"HH11008",0.0140146427623185
"HH11009",0.0194365560862981
"HH11010",-0.00332016438971775
"HH11011",0.0084063473668184
"HH11012",-4.47132371568104e-05
"HH11013",9.33537942532243e-05
"HH11014",-1.59453364306315e-07
"HH11015",0.000184092641906259
"HH11016",-0.0141519606289742
"HH11017",-0.019054366608207
"HH11018",-0.00213837431381028
"HH11019",-0.0267724796317584
"HH11020",0
"HH11021",0.000485775305463398
"HH11022",-0.00907307763787291
"HH11023",1.96261557335472e-17
"HH11024",0
"LH21",0.927024039256653
"LH22",1.01754804937813
"LH23",1.0264525942609
"LH24",0.963852077008874
"LH25",0.951264057825457
"LH26",0.994998726988756
"LH27",0.972045820541329
"LH28",1.03402369559521
"LH29",0.935617281957311
"LH210",1.02839770662518
"LH211",0.961858173855103
"LH212",1.03764183705199
"LH213",1.0033870244391
"LH214",1.00777459770351
"LH215",0.991141131694275
"LH216",1.05584559829691
"LH217",0.121151353736175
"LH218",0.086508870494739
"LH219",-0.0586177763836562
"LH220",0.0173051113350311
"LH221",0.0397900643976778
"LH222",0.0700086914467063
"LH223",-0.0119259534408936
"LH224",0.0143585359096499
"LH225",0.0483414474485401
"LH226",-0.00461302537171535
"LH227",0.0404356469772151
"LH228",-0.0161121347241125
"LH229",0.0483172354893388
"LH230",-0.0407363279808937
"LH231",-0.0150524197149531
"LH232",0.0142195278219002
"LH233",0.111174023752989
"LH234",0.091308754521923
"LH235",-0.0199582017058874
"LH236",0.0915502843109943
"LH237",0.0534383282303365
"LH238",0.0847829259348829
"LH239",-0.0450248348392632
"LH240",0.0256890268067616
"LH241",-0.00288945039941236
"LH242",0.0192448262887674
"LH243",0.00568780707594776
"LH244",0.0215486369279061
"LH245",0.144865584166302
"LH246",0.0610993794654237
"LH247",0.00959271418455308
"LH248",-0.00989301064747937
"LH249",0.0709799155554234
"LH250",-0.0118057157969339
"LH251",0.0297245919608364
"LH252",0.0101213738694244
"LH253",-0.00271938552732866
"LH254",0.0194054186709847
"LH255",0.0479837225106293
"LH256",-0.0584236364690419
"LH257",-0.0252233535632584
"LH258",0.0471552636349384
"LH259",-0.00708586244307062
"LH260",0.0502886071331869
"LH261",0.0181648444279698
"LH262",0.0225374951908397
"LH263",0.0200346033063242
"LH264",0.0135136750544382
"LH265",0.0709210619420779
"LH266",-0.0694463119524977
"LH267",0.0499573027506577
"LH268",-0.0497003445525694
"LH269",-0.0366002519333075
"LH270",-0.0361320958489204
"LH271",0.0463848633790678
"LH272",-0.0266452054100478
"LH273",-0.000859268544633338
"LH274",-0.00240802713624625
"LH275",-0.00137488761728478
"LH276",0.0102939760408291
"LH277",0.0248969570335172
"LH278",0.00399875264036181
"LH279",0.000784454553763362
"LH280",0.00153228247300709
"LH281",0.0230568845629261
"LH282",-0.0829122547400276
"LH283",0.0622762527957072
"LH284",-0.0675206275825555
"LH285",-0.0402221954964919
"LH286",-0.0598895828244432
"LH287",0.0803196118982057
"LH288",-0.0815028292976603
"LH289",-0.0152257213008873
"LH290",0.0715310621374512
"LH291",0.0128070073450104
"LH292",0.0160206775777868
"LH293",-0.0157482929022524
"LH294",-0.0565028796092218
"LH295",0.0070312336628181
"LH296",0.00295201023318953
"LH297",0.0178965602704009
"LH298",-0.135345161667988
"LH299",0.110850208166027
"LH2100",0.0502808715380918
"LH2101",0.0394450497492984
"LH2102",-0.0781253223081284
"LH2103",0.0817503258703287
"LH2104",-0.0435966707671464
"LH2105",0.0720472806368058
"LH2106",0.0477425440342481
"LH2107",0.0259150193366448
"LH2108",-0.0280107680817253
"LH2109",-0.0364933893086223
"LH2110",0.0272737281294405
"LH2111",0.00061280584596485
"LH2112",0.0219669085832382
"LH2113",-0.0249207593378685
"LH2114",0.125972607287409
"LH2115",-0.0980756753649216
"LH2116",0.117806295018843
"LH2117",0.0755569259584833
"LH2118",0.0679434380478248
"LH2119",-0.0764850832985286
"LH2120",0.0628383948114953
"LH2121",-0.0462325441280148
"LH2122",-0.0526254711440523
"LH2123",-0.0142911288684638
"LH2124",0.00338814415130152
"LH2125",0.0715304766846439
"LH2126",0.0408248103155375
"LH2127",0
"LH2128",-4.29457014130377e-07
"LH2129",-0.0755948761187689
"LH2130",0.0998341789094886
"LH2131",-0.107679759816848
"LH2132",-0.0279744354310872
"LH2133",0.00604846575596928
"LH2134",0.0664198537110312
"LH2135",-0.0548156553424444
"LH2136",0.0554091690116162
"LH2137",-0.0260305311464933
"LH2138",-0.0243924437306096
"LH2139",-0.000933946624530829
"LH2140",-0.0189719702557067
"LH2141",0.0758832270861835
"LH2142",-0.00198130484431963
"LH2143",-0.00760358138616994
"LH2144",0.00810837989112572
"LH2145",-0.0269632429054485
"LH2146",0.0748367743694302
"LH2147",-0.0537302070473547
"LH2148",0.0168093568588453
"LH2149",-0.0153277937445259
"LH2150",0.0416868505213614
"LH2151",-0.0389654147538586
"LH2152",0.0295523299035819
"LH2153",-0.0385616724922549
"LH2154",0.014366309673193
"LH2155",0.0119904250067807
"LH2156",-0.0216581161181648
"LH2157",0.0727620059166258
"LH2158",0.0060587278350173
"LH2159",0.0150353926408084
"LH2160",0.0279571687360698
"LH2161",-0.011704545313278
"LH2162",-0.0221021944899118
"LH2163",0.0322651113552647
"LH2164",0.0351920271487793
"LH2165",0.0189923217197243
"LH2166",0.0157289926501394
"LH2167",0.0218646871724065
"LH2168",-0.0155839323147562
"LH2169",-0.0454368417960764
"LH2170",0.0268301767042487
"LH2171",-0.0166778243819264
"LH2172",0.0303853982823458
"LH2173",0.000825795165588481
"LH2174",0.0470594671526834
"LH2175",-0.0172563345048064
"LH2176",0.0188445531802308
"LH2177",0.0049480321755692
"LH2178",-0.0690538790269863
"LH2179",0.0617807777229405
"LH2180",-0.0841622117490382
"LH2181",-0.0489520907973192
"LH2182",-0.0617572182488292
"LH2183",0.0494965701620124
"LH2184",-0.0374294196511812
"LH2185",0.00111792240463283
"LH2186",0.0181456838344123
"LH2187",0.00977373767833116
"LH2188",-0.0158540352309809
"LH2189",-0.105931966383113
"LH2190",0.0150595684647254
"LH2191",0.00133389381634352
"LH2192",0.000338204459234709
"LH2193",-0.00266609628062525
"LH2194",-0.0510254875377655
"LH2195",0.0489582888102439
"LH2196",0.00311757521881444
"LH2197",-0.00960318306208054
"LH2198",-0.0418656686256962
"LH2199",0.0191520103439047
"LH2200",-0.0130648963683049
"LH2201",0.00748218463609783
"LH2202",0.00215339647898743
"LH2203",-0.0109082073739781
"LH2204",0.0212068347670858
"LH2205",-0.0855719362963243
"LH2206",0.0538153194985824
"LH2207",0.00917499284938499
"LH2208",0.0309317225993045
"LH2209",0.00556655710880216
"LH2210",-0.0258262140405242
"LH2211",0.0252170082582913
"LH2212",-0.0157962384285144
"LH2213",-0.022215817429927
"LH2214",-0.0588178172763539
"LH2215",0.00157267599908944
"LH2216",0.0177755973548167
"LH2217",0.0381473672647875
"LH2218",-0.0435051351981858
"LH2219",-0.0267004590957015
"LH2220",-0.0217217760911913
"LH2221",-0.0586511572424917
"LH2222",0.0206765530715362
"LH2223",0.000947177202668014
"LH2224",-0.0282081435648237
"LH2225",0.0226665525241249
"LH2226",0.0211879676174056
"LH2227",-0.0172764274662635
"LH2228",0.0454418484526121
"LH2229",0.0368140384960772
"LH2230",-0.007037276674487
"LH2231",-0.0155421531035899
"LH2232",0.0849993817586579
"LH2233",0.030064779456267
"LH2234",-0.0407973945538905
"LH2235",-0.00581752644330702
"LH2236",-0.0369476827233278
"LH2237",-0.0090769654097571
"LH2238",0.00115743512978006
"LH2239",0.0027918733438588
"LH2240",-0.0436873127711816
"LH2241",0.0114023726357341
"LH2242",0.0351262129713875
"LH2243",-0.0386083576820878
"LH2244",-0.00857734816951584
"LH2245",-0.000895943272004818
"LH2246",0.0206241556751814
"LH2247",-0.0427345770105686
"LH2248",0.00834679634474272
"LH2249",0.0356660271262833
"LH2250",-0.0483196524128138
"LH2251",0.00918854623628423
"LH2252",-0.00783993811824204
"LH2253",-0.00184532030761004
"LH2254",-0.0311767154008027
"LH2255",0.0150905093512129
"LH2256",-0.00572744909940633
"HL21",-1.53310031307947
"HL22",-5.52622384823761
"HL23",-9.5333555911252
"HL24",-13.5410947558374
"HL25",-17.5009383528979
"HL26",-21.4505028624118
"HL27",-25.4502590130559
"HL28",-29.6492387341464
"HL29",-33.5992124837808
"HL210",-37.5312075197863
"HL211",-41.4493538147509
"HL212",-45.5230127448566
"HL213",-49.4470163975092
"HL214",-53.4466850894006
"HL215",-57.4429145904938
"HL216",-61.4550521538523
"HL217",-0.0625996307201224
"HL218",-0.162857582167368
"HL219",-0.0745223961586142
"HL220",-0.0689006930155677
"HL221",-0.0715952709177871
"HL222",-0.0861060709720833
"HL223",-0.0947683698287657
"HL224",-0.0228819043571483
"HL225",-0.0411359118578263
"HL226",0.0160493066554285
"HL227",-0.0163844433125494
"HL228",0.014774043270431
"HL229",-0.0161189734061958
"HL230",-0.201986795293986
"HL231",-0.205720950081035
"HL232",-0.216964656303771
"HL233",-0.023415539668534
"HL234",0.00407697100394591
"HL235",0.0156417985391581
"HL236",0.0373001620173027
"HL237",0.0780088492013301
"HL238",0.0838243926099479
"HL239",0.104230543388988
"HL240",-0.0184952850343368
"HL241",-0.00884949102825169
"HL242",-0.00694261693268047
"HL243",0.0359304872171024
"HL244",0.0256112100843222
"HL245",-0.0214412242194528
"HL246",-0.209516982087713
"HL247",-0.292790886398166
"HL248",-0.282342437210291
"HL249",0.0971632604466202
"HL250",0.131644894119173
"HL251",0.0808247458712363
"HL252",0.065163379898817
"HL253",0.0978112670094799
"HL254",0.113230927273153
"HL255",0.0972918219780417
"HL256",0.0175468202507317
"HL257",0.0602244111609956
"HL258",0.155858635503735
"HL259",0.273554063437694
"HL260",0.148843219154182
"HL261",0.194817269799307
"HL262",-0.0818789523568182
"HL263",-0.108441320311305
"HL264",-0.129777463310105
"HL265",-0.0801031576069755
"HL266",0.216973262564813
"HL267",0.126713983950704
"HL268",0.1276673061063
"HL269",0.076720372653326
"HL270",0.0435725041557352
"HL271",0.0545890181449641
"HL272",0.207892820816362
"HL273",0.171889427265652
"HL274",0.186637350240017
"HL275",0.124375005975433
"HL276",0.171852711702197
"HL277",0.1027675029942
"HL278",-0.0380779222478634
"HL279",-0.0429021251330514
"HL280",-0.040957538511622
"HL281",0.049251526568851
"HL282",0.0563936348446313
"HL283",0.0587933918473944
"HL284",0.053585100757301
"HL285",0.0538107910691627
"HL286",0.0190806057927609
"HL287",0.0153949000832234
"HL288",-0.0325244555075536
"HL289",-0.0632018368476652
"HL290",-0.0788584415092659
"HL291",-0.0659186242218123
"HL292",-0.073151835938303
"HL293",-0.0896006930723466
"HL294",-0.141757416370026
"HL295",-0.130771516772687
"HL296",-0.114877907416533
"HL297",0.0326719473378117
"HL298",0.0213749162668291
"HL299",0.0403823266719725
"HL2100",0.0531756966196522
"HL2101",0.0845281123625831
"HL2102",0.124598562098953
"HL2103",0.111370171182173
"HL2104",0.0687175386868338
"HL2105",0.119621347556304
"HL2106",0.118021307795131
"HL2107",0.199063321590288
"HL2108",0.146079820375484
"HL2109",0.0707965359497181
"HL2110",-0.0509574929541627
"HL2111",-0.147244889046138
"HL2112",-0.150350069259293
"HL2113",-0.163473667561962
"HL2114",0.0295787307847974
"HL2115",-0.0158634732232004
"HL2116",0.00882118298102436
"HL2117",0.00180960045464107
"HL2118",-0.0298368375800309
"HL2119",-0.043499932440652
"HL2120",0.0895342063471588
"HL2121",0.099838459279779
"HL2122",0.10691948557281
"HL2123",0.121702725770816
"HL2124",0.118480603205036
"HL2125",0.0565219800454651
"HL2126",-0.00374404447009036
"HL2127",-0.0405254745237415
"HL2128",-0.040524105679553
"HL2129",-0.123375124343749
"HL2130",0.129589717073211
"HL2131",0.0664239276906343
"HL2132",0.0209955779212307
"HL2133",-0.0204233772957071
"HL2134",-0.0391499981850509
"HL2135",-0.0582216119378562
"HL2136",0.182852836107999
"HL2137",0.18274614288765
"HL2138",0.215543202496941
"HL2139",0.211754150990697
"HL2140",0.212288959440997
"HL2141",0.171860420584719
"HL2142",0.230548240437359
"HL2143",0.245482590514867
"HL2144",0.256778232929077
"HL2145",-0.305774649174722
"HL2146",0.00854711608913972
"HL2147",-0.103073578760489
"HL2148",-0.0781219783550643
"HL2149",-0.0666036328310768
"HL2150",-0.0721886541361353
"HL2151",-0.0854967656217056
"HL2152",0.203066469878513
"HL2153",0.202198139406619
"HL2154",0.206256013753391
"HL2155",0.181154314857077
"HL2156",0.18880459071499
"HL2157",0.0873874086333108
"HL2158",0.0933435660283518
"HL2159",0.114690435581844
"HL2160",0.0995923320204326
"HL2161",0.103840151835194
"HL2162",0.192455281780943
"HL2163",0.151744041440653
"HL2164",0.13454485464731
"HL2165",0.125834795450292
"HL2166",0.14516814546698
"HL2167",0.125054731029984
"HL2168",0.231907927957512
"HL2169",0.261712384251775
"HL2170",0.318770347493632
"HL2171",0.318443007244844
"HL2172",0.311528048667968
"HL2173",0.264479403416409
"HL2174",0.269076171812692
"HL2175",0.236641078635204
"HL2176",0.234810726558063
"HL2177",0.108316997872351
"HL2178",0.135968967180104
"HL2179",0.12687742116911
"HL2180",0.137702118153644
"HL2181",0.15482453512829
"HL2182",0.157866725411378
"HL2183",0.145327970126696
"HL2184",0.192661108714269
"HL2185",0.220929540877851
"HL2186",0.215203830322875
"HL2187",0.238248736264219
"HL2188",0.200628381909543
"HL2189",0.215321814925716
"HL2190",0.288024624390258
"HL2191",0.30939312388578
"HL2192",0.313280303497294
"HL2193",-0.0983850664145995
"HL2194",0.0758529175678245
"HL2195",0.035755951755293
"HL2196",0.0660583932780414
"HL2197",0.0806557304698062
"HL2198",0.0738976797603735
"HL2199",0.068128738415993
"HL2200",0.0813500521330609
"HL2201",0.0849410425061912
"HL2202",0.117318300489362
"HL2203",0.0996955478223207
"HL2204",0.128370225347459
"HL2205",0.0986813460507925
"HL2206",0.389481819516547
"HL2207",0.405540853486636
"HL2208",0.384071526038828
"HL2209",0.449757475217057
"HL2210",-0.0554777448830652
"HL2211",0.0858901445594487
"HL2212",0.071840577369835
"HL2213",0.0783963898124518
"HL2214",0.0785567970598582
"HL2215",0.116506598397137
"HL2216",-0.233424958019753
"HL2217",-0.278128180108403
"HL2218",-0.308322117276368
"HL2219",-0.298029389249643
"HL2220",-0.309225080083388
"HL2221",-0.177714003376951
"HL2222",-0.495434459131303
"HL2223",-0.595197046429213
"HL2224",-0.593685820231592
"HL2225",-0.242854368118592
"HL2226",0.364433383610277
"HL2227",0.181137092111552
"HL2228",0.171722849425698
"HL2229",0.141157406547306
"HL2230",0.111434761331466
"HL2231",0.0624133045992195
"HL2232",0.543672422476121
"HL2233",0.580611666197954
"HL2234",0.626985333628783
"HL2235",0.626916708166966
"HL2236",0.629849260308053
"HL2237",0.504479774681029
"HL2238",0.669890799268892
"HL2239",0.721150290099329
"HL2240",0.724715582029449
"HL2241",-0.121797003613024
"HL2242",0.0551720257880123
"HL2243",0.00494823963198887
"HL2244",-0.0474575805315552
"HL2245",-0.0656737636141412
"HL2246",-0.0831780308039476
"HL2247",-0.0674990829082167
"HL2248",0.111027974507681
"HL2249",0.0905756249938041
"HL2250",0.0457958026383542
"HL2251",0.0158451543493108
"HL2252",0.0573971607661102
"HL2253",0.0259487134165775
"HL2254",0.206912110514904
"HL2255",0.246252354682875
"HL2256",0.241899367368417
"HH21",-0.907618281687843
"HH22",-0.973565056326554
"HH23",-1.05607862557895
"HH24",-0.933533427583923
"HH25",-0.932906598725794
"HH26",-0.93740668978976
"HH27",-1.00998922034484
"HH28",-0.969686310427298
"HH29",-0.930547520410606
"HH210",-1.04194820664456
"HH211",-0.966342583400379
"HH212",-1.05519859170332
"HH213",-0.96378145256898
"HH214",-1.01871279352821
"HH215",-1.01308128656691
"HH216",-0.988795596911854
"HH217",0.00682834188312915
"HH218",0.0432810345332794
"HH219",-0.00548941114171423
"HH220",-0.0266232780772911
"HH221",-0.00951950458814269
"HH222",0.0188339398496519
"HH223",0.0156944048183787
"HH224",-0.0310554733614728
"HH225",-0.00600333421235652
"HH226",0.00247852972023154
"HH227",0.0133540515160116
"HH228",0.012229879679157
"HH229",0.005490441569101
"HH230",-0.0195920373046456
"HH231",-0.0197907100786314
"HH232",0.0186550314617071
"HH233",0.0770905781992221
"HH234",0.0168112412287793
"HH235",-0.0252949313763599
"HH236",0.0653319987717197
"HH237",0.0666745549759369
"HH238",-0.0056087019328054
"HH239",0.0322022368766342
"HH240",0.000515910306664509
"HH241",0.0172949671171234
"HH242",-0.0185119730786644
"HH243",0.0265125578307697
"HH244",-0.0230376636697677
"HH245",-0.0317962270576383
"HH246",-0.0281136658900579
"HH247",-0.0125329032607197
"HH248",0.0334756457589397
"HH249",0.00560722423464995
"HH250",-0.0388114357584567
"HH251",-0.0181042578244703
"HH252",0.0170961523142434
"HH253",0.0263516287618728
"HH254",-0.0403197659766429
"HH255",-0.0216559785000495
"HH256",0.0276050479017515
"HH257",0.0813003340821254
"HH258",-0.0707845007598459
"HH259",0.0306145128843237
"HH260",-0.086766580825146
"HH261",-0.0445535541607841
"HH262",-0.0482481225789794
"HH263",-0.0163250146116881
"HH264",0.0131945145536364
"HH265",-0.00510295276353059
"HH266",-0.0880956648525441
"HH267",0.0620412246871172
"HH268",-0.063923181501698
"HH269",-0.038242579436839
"HH270",-0.0494923321240903
"HH271",0.0388880539899458
"HH272",-0.0464337013440671
"HH273",-0.0133047239867287
"HH274",0.0197810428001776
"HH275",0.00364458982260851
"HH276",0.0330161160549739
"HH277",-0.0397981045620101
"HH278",-0.00403974833142455
"HH279",-0.000784454553763362
"HH280",0.0161253764966274
"HH281",-0.0120132379352091
"HH282",0.00332113018497705
"HH283",-0.005826443435594
"HH284",0.000461647082552946
"HH285",-0.00616014428985446
"HH286",0.0100069469853576
"HH287",-0.00439917861304598
"HH288",-0.0059283489075698
"HH289",0.00498937821310605
"HH290",0.00220732129267229
"HH291",-0.00110894204835699
"HH292",0.00625443520591429
"HH293",-0.00969467515384531
"HH294",0.00395207308527616
"HH295",0.0070312336628181
"HH296",0.00537387121821549
"HH297",0.00473023517050095
"HH298",0.0136416372015164
"HH299",-0.00539909689051747
"HH2100",0.0336631610076907
"HH2101",0.0197455898037649
"HH2102",-0.000958213046748493
"HH2103",-0.00866076187460167
"HH2104",0.00664136415504624
"HH2105",0.0492167974123602
"HH2106",-0.0467891731684109
"HH2107",0.0172257548256891
"HH2108",-0.0253556171127918
"HH2109",-0.0644339786254676
"HH2110",-0.0716153345833438
"HH2111",-0.000727276289604676
"HH2112",-0.0167467918253515
"HH2113",-0.0176511551807682
"HH2114",-0.0663401526552213
"HH2115",0.0533852470837546
"HH2116",-0.0248756871547367
"HH2117",-0.00766407159364554
"HH2118",-0.0151113802606571
"HH2119",0.0506252987745036
"HH2120",-0.0214668686940951
"HH2121",0.00290094762142184
"HH2122",0.00721221832378139
"HH2123",-0.0024136610432862
"HH2124",-0.00151202584410727
"HH2125",-0.0666824503435649
"HH2126",-0.0377086909935206
"HH2127",0
"HH2128",-4.29457014051872e-07
"HH2129",-0.0180002291182008
"HH2130",-0.0505074860675472
"HH2131",0.0283684194496366
"HH2132",-0.0915530472243019
"HH2133",-0.0521268143382484
"HH2134",-0.0402778500231991
"HH2135",0.0157474322596215
"HH2136",-0.00305657305897534
"HH2137",0.00573488000597399
"HH2138",0.00176011697477361
"HH2139",0.00125962092773952
"HH2140",0.00241439376714486
"HH2141",-0.0281163225066899
"HH2142",0.0123067693371542
"HH2143",-0.00551609757729585
"HH2144",0.0107546087744783
"HH2145",0.0428948298097058
"HH2146",-0.0806518374343277
"HH2147",0.0676189612611752
"HH2148",-0.0414691481773235
"HH2149",-0.0254549037605853
"HH2150",-0.0701214118305306
"HH2151",0.0698060296525563
"HH2152",-0.0515490356807464
"HH2153",0.0286620519366777
"HH2154",-0.00599435262158307
"HH2155",-0.0157074892096871
"HH2156",0.030551209378447
"HH2157",-0.0745746921363534
"HH2158",-0.0201429480136831
"HH2159",0.0149165729588721
"HH2160",-0.00972614340400542
"HH2161",0.0178532731110084
"HH2162",-0.0345515936738989
"HH2163",0.0167598198063601
"HH2164",-0.0576982366800597
"HH2165",-0.00308943477047671
"HH2166",-0.014152911938819
"HH2167",0.0163209584809411
"HH2168",-0.0157264334526313
"HH2169",0.0378005093251856
"HH2170",-0.00649254400768697
"HH2171",-0.00177921845766206
"HH2172",-0.00522344088270001
"HH2173",-0.0505813149311806
"HH2174",-0.0150542678968376
"HH2175",0.0172563345048062
"HH2176",-0.0188445531802308
"HH2177",0.000461802168377246
"HH2178",-0.00363909887852911
"HH2179",0.030348244975628
"HH2180",-0.000180877076558145
"HH2181",0.00452165249554905
"HH2182",-0.0145894081330324
"HH2183",0.00197869501510274
"HH2184",-0.00697655109159038
"HH2185",0.0294708076232636
"HH2186",-0.023900303430606
"HH2187",0.0121745010649799
"HH2188",0.0112554350613745
"HH2189",-0.0248189036406335
"HH2190",0.020034605679178
"HH2191",0.00133389381634352
"HH2192",0.000338204459234709
"HH2193",0.019083527717296
"HH2194",-0.0236862039377211
"HH2195",0.0307229278588221
"HH2196",0.0101773699086956
"HH2197",-0.00555073530873582
"HH2198",0.00782137337431096
"HH2199",-0.00204676524999452
"HH2200",-0.0263755378228673
"HH2201",-0.0205500617214462
"HH2202",0.00730294965739882
"HH2203",0.00659328153635922
"HH2204",-0.0276579782504396
"HH2205",-0.0166807091094174
"HH2206",0.0634242742153171
"HH2207",-0.00839820802859377
"HH2208",0.0015056972208733
"HH2209",-0.0101315572130265
"HH2210",0.0856800853670725
"HH2211",-0.0822815433943204
"HH2212",0.06942618514899
"HH2213",0.0382427772757183
"HH2214",0.0855246126404561
"HH2215",-0.0562348192930321
"HH2216",0.05691903214172
"HH2217",-0.0271519867751409
"HH2218",0.00332421349460222
"HH2219",-0.00939590112271103
"HH2220",0.00184258750814154
"HH2221",0.133188829177818
"HH2222",-0.0698098520802623
"HH2223",-0.00565875964506883
"HH2224",0.00683844241373377
"HH2225",-0.0139266985933039
"HH2226",-0.1439573640585
"HH2227",0.112705324969719
"HH2228",-0.141111571051745
"HH2229",-0.0658442444101398
"HH2230",-0.087529132278483
"HH2231",0.0805210391926339
"HH2232",-0.0498126707490982
"HH2233",0.0471511693127497
"HH2234",0.0076878854858696
"HH2235",0.02054971220286
"HH2236",0.00163283548366084
"HH2237",-0.121103356863837
"HH2238",0.00343351952082781
"HH2239",0.00958937630656817
"HH2240",-0.0351167402156203
"HH2241",-0.0217914547027909
"HH2242",-0.0253955018419159
"HH2243",0.0163914996836447
"HH2244",-0.0741925756544705
"HH2245",-0.0353250105943208
"HH2246",0.0113501279001505
"HH2247",0.00921980506112775
"HH2248",0.00731925509003432
"HH2249",-0.0237385824530825
"HH2250",0.00694601858133033
"HH2251",-0.00897497805668434
"HH2252",0.0302297700538039
"HH2253",-0.0503267724985163
"HH2254",0.0411525733749792
"HH2255",0.00669974555334813
"HH2256",0.00572744909940617
"LH31",1.96272172788198
"LH32",1.99897656374845
"LH33",1.97471268361216
"LH34",1.9330035880382
"LH35",1.97465531032069
"LH36",2.018473907938
"LH37",2.01882884541419
"LH38",2.02807042935996
"LH39",0.0110776455331245
"LH310",0.0454592985826689
"LH311",0.0263813093385751
"LH312",-0.0622802828260552
"LH313",0.000115214806448393
"LH314",0.0474410836021846
"LH315",0.302593515400255
"LH316",0.0489515096142802
"LH317",0.281803236695565
"LH318",-0.000684972309350399
"LH319",-0.0494826316991276
"LH320",0.272413927430501
"LH321",0.0144658445800255
"LH322",0.0303329132888441
"LH323",-0.0801774335438673
"LH324",0.0201190958095006
"LH325",-0.0401139611906327
"LH326",0.0654634232569103
"LH327",0.022634230871668
"LH328",-0.18970795395534
"LH329",0.0700512499811855
"LH330",-0.0246440316497828
"LH331",0.135100443190949
"LH332",0.00369407389970866
"LH333",-0.281414701089109
"LH334",-0.0666749781527303
"LH335",-0.000433725779584232
"LH336",-0.140624450536849
"LH337",-0.0223219545768533
"LH338",0.010756347977877
"LH339",-0.0679227374371135
"LH340",0.0297852454475357
"LH341",0.254421865895604
"LH342",0.0277382213176601
"LH343",-0.00579100756753316
"LH344",0.116068853305118
"LH345",0.00199348441471388
"LH346",0.0372035015056492
"LH347",0.171265724320231
"LH348",0.00285876584432787
"LH349",0.190972783546734
"LH350",0.0250120062136598
"LH351",0.0335444202083768
"LH352",0.126391963897107
"LH353",0.00539404848056043
"LH354",-0.0195731681375345
"LH355",0.138618613918483
"LH356",0.0415276734327197
"LH357",-0.121471012524991
"LH358",-0.00508012232498653
"LH359",0.0568292121295324
"LH360",-0.0763632745571867
"LH361",-0.000286143911763362
"LH362",-0.0381812692637709
"LH363",-0.0668219346880944
"LH364",-0.0332354792390615
"HL31",-3.70588588710641
"HL32",-11.5743744617328
"HL33",-19.525956020712
"HL34",-27.5659844103682
"HL35",-35.5491652102445
"HL36",-43.4520623446709
"HL37",-51.6133437089153
"HL38",-59.8304046549815
"HL39",-0.0713282209907798
"HL310",-0.0679419104410782
"HL311",-0.116489947709646
"HL312",0.138613964551778
"HL313",0.342038867665798
"HL314",0.289966574403442
"HL315",-0.065269952682307
"HL316",-0.333177045586184
"HL317",-0.00431116126655784
"HL318",0.017237747700831
"HL319",0.00861968872138896
"HL320",0.100109857749604
"HL321",0.2055479185566
"HL322",0.241469179689012
"HL323",-0.00242850037132514
"HL324",-0.132526982125756
"HL325",0.413304866390263
"HL326",0.150819938486098
"HL327",0.113242688450914
"HL328",-0.0591668528202924
"HL329",-0.457182827773874
"HL330",-0.638696068990663
"HL331",-0.560374919998855
"HL332",-0.665424618551881
"HL333",-0.211935990636571
"HL334",-0.13670277803287
"HL335",-0.100741118246209
"HL336",-0.147121509477322
"HL337",-0.106127753947958
"HL338",-0.0648809057372473
"HL339",-0.0561146217976659
"HL340",-0.0156190353686229
"HL341",0.141126180678666
"HL342",0.181942662405221
"HL343",0.110414777663299
"HL344",0.225951349627716
"HL345",0.420452762838951
"HL346",0.524311395730256
"HL347",0.446329474049978
"HL348",0.408797853798613
"HL349",0.234150299579544
"HL350",0.202353422939953
"HL351",0.211864819532994
"HL352",0.156113309088571
"HL353",0.116386368022534
"HL354",0.155272008073288
"HL355",0.0957552524568015
"HL356",-0.0138477244720663
"HL357",-0.447547604459782
"HL358",-0.499174139703209
"HL359",-0.539841821670259
"HL360",-0.548528191580984
"HL361",-0.484030146877911
"HL362",-0.510651362734438
"HL363",-0.499570631703051
"HL364",-0.611011012423824
"HH31",-1.92238416796679
"HH32",-2.00884822914415
"HH33",-1.99961209539962
"HH34",-2.12306881975401
"HH35",-1.93654812705564
"HH36",-2.01640635762396
"HH37",-2.1593211198131
"HH38",-2.00626880987879
"HH39",0.0741595195334023
"HH310",-0.0138374861780345
"HH311",-0.00370710156514234
"HH312",0.247696721114865
"HH313",-0.0212918975320619
"HH314",0.029724116516513
"HH315",-0.212292302164749
"HH316",0.0606928790680456
"HH317",0.0502382089852954
"HH318",-0.00177834536960238
"HH319",0.00658290464038437
"HH320",0.0746305721500687
"HH321",0.0185325333991492
"HH322",0.0322503822845054
"HH323",-0.0802252942658611
"HH324",0.00437907280271373
"HH325",-0.469701720283087
"HH326",-0.0611095965261452
"HH327",0.0213258820261151
"HH328",-0.253726617176341
"HH329",-0.0906453202709157
"HH330",0.00173913219943077
"HH331",-0.0715525749464981
"HH332",-0.00369270505551996
"HH333",0.0946133692410059
"HH334",0.0370760871990794
"HH335",-0.0150198515160232
"HH336",-0.000806875992348133
"HH337",0.0137496841728028
"HH338",-0.00478786110575971
"HH339",0.00150616510123763
"HH340",-0.00719200175929467
"HH341",0.155454854833156
"HH342",-0.0346772440541816
"HH343",0.00608961223835754
"HH344",0.154716655644474
"HH345",0.0352273219869689
"HH346",-0.0102805774814602
"HH347",0.00948679613371184
"HH348",0.00102841376718592
"HH349",-0.0362660697608171
"HH350",-0.016883667347935
"HH351",0.00582144574907411
"HH352",-0.0537254693466061
"HH353",0.0358097664739636
"HH354",-0.0317157380262226
"HH355",-0.125588333053837
"HH356",-0.0137966099329118
"HH357",-0.0533184236280169
"HH358",-0.0152158948803234
"HH359",0.0056524440345825
"HH360",-0.0192548874081677
"HH361",0.0195796327214426
"HH362",0.0187496713484288
"HH363",-0.0414734219412866
"HH364",0.0133954739928027
"LH41",4.14805044028319
"LH42",3.99127183146269
"LH43",3.97930964873654
"LH44",4.27090028167731
"LH45",0.0801717965503078
"LH46",0.0353730177134626
"LH47",0.0873183983065374
"LH48",0.0554016678480135
"LH49",0.0202057756500449
"LH410",-0.0327845202871563
"LH411",-0.0066697623699361
"LH412",0.133141732126522
"LH413",0.0199633920556985
"LH414",0.0624232110780846
"LH415",0.0149815913946353
"LH416",0.115468522625364
"HL41",-7.68320129854112
"HL42",-23.3953765677805
"HL43",-39.3651018535971
"HL44",-54.7831023373266
"HL45",-0.044506527311958
"HL46",-0.0608469454560727
"HL47",-0.575836420625665
"HL48",-0.186139354242651
"HL49",0.0109107998944633
"HL410",0.364595705636507
"HL411",0.814950755262826
"HL412",0.928524430989555
"HL413",0.389653953509139
"HL414",0.187368180765737
"HL415",-0.0466714143912679
"HL416",-0.2049232311622
"HH41",-3.93016584145801
"HH42",-4.00919677710437
"HH43",-3.99404991293238
"HH44",-3.79393091610009
"HH45",-0.00991059659863398
"HH46",-0.195443074995996
"HH47",0.0717514752717573
"HH48",0.160145851485413
"HH49",0.160831689626142
"HH410",0.113100128601672
"HH411",0.0143834755297367
"HH412",0.121816512752439
"HH413",-0.0871120252950962
"HH414",-0.101522644928973
"HH415",-0.00952945389666037
"HH416",-0.142506291046386
"LL41",9.18565328142745
"LL42",25.4199995261179
"LL43",41.1905961352509
"LL44",57.9244987391924
"LL45",2.61436275945855
"LL46",2.81574119000571
"LL47",3.18600622783718
"LL48",3.50424075992477
"LL49",3.79241752072815
"LL410",3.6948558101854
"LL411",3.62699646789581
"LL412",3.9539419886009
"LL413",4.07223451769107
"LL414",4.28983778079928
"LL415",4.51995972853442
"LL416",4.64387025502789
